p_val	avg_log2FC	pct.1	pct.2	p_val_adj	cluster	gene
0	2.88447068060676	0.906	0.249	0	c7	KLF2
0	2.94202036011851	0.669	0.121	0	c7	CCR7
0	2.03933750867216	0.743	0.263	0	c7	TCF7
0	2.8898601256929	0.583	0.113	0	c7	SELL
0	2.4613508359578	0.591	0.161	0	c7	LEF1
0	1.77039526485169	0.709	0.292	0	c7	RIPOR2
0	3.41609786052288	0.475	0.059	0	c7	S1PR1
0	1.70008947961989	0.489	0.153	0	c7	MAL
0	1.59928129198569	0.829	0.505	0	c7	NOSIP
0	1.62082902191632	0.54	0.229	0	c7	RASGRP2
0	1.76069807000032	0.473	0.175	0	c7	LDLRAP1
0	1.42865342018302	0.632	0.335	0	c7	CD55
0	2.48006531226514	0.369	0.073	0	c7	C1orf162
0	1.1647216703922	0.973	0.7	0	c7	LTB
0	1.43967477360366	0.452	0.187	0	c7	PLAC8
0	2.43924740904219	0.314	0.067	0	c7	AC119396.1
0	2.72014336537224	0.303	0.059	0	c7	TRABD2A
0	1.84760493274107	0.345	0.111	0	c7	KLF3
0	1.62298604289492	0.37	0.139	0	c7	RASA3
0	0.920108038161668	0.981	0.868	0	c7	LDHB
0	0.764707175008716	0.959	0.855	0	c7	NOP53
0	0.633690028588869	0.986	0.923	0	c7	FXYD5
0	0.737745789482623	0.995	0.965	0	c7	EEF1G
0	0.650265966055439	0.994	0.969	0	c7	RPL7
0	0.773264518007587	0.997	0.976	0	c7	EEF1B2
0	0.620910314267888	0.997	0.98	0	c7	RPL4
0	0.48866682342533	0.995	0.979	0	c7	EEF2
0	0.582569185374613	0.998	0.983	0	c7	PABPC1
0	0.456196096489132	0.995	0.98	0	c7	RPL27
0	0.54464744470016	0.998	0.988	0	c7	RPL13A
0	0.641355082566744	0.999	0.991	0	c7	RPL22
0	0.656009854414753	0.999	0.991	0	c7	RPL9
0	0.707239093611007	0.999	0.991	0	c7	RPS5
0	0.478989035519125	0.999	0.992	0	c7	RPL24
0	0.642889315299446	0.998	0.991	0	c7	RPL10A
0	0.66192068016757	0.997	0.99	0	c7	RPS9
0	0.534617315701603	0.999	0.993	0	c7	RPSA
0	0.638977789787221	0.998	0.992	0	c7	RPL21
0	0.702597137148619	0.999	0.994	0	c7	RPL5
0	0.444373643126731	0.999	0.994	0	c7	RACK1
0	0.52458576265116	0.998	0.993	0	c7	NACA
0	0.500910015173614	0.999	0.994	0	c7	RPL17
0	0.481291094574549	0.999	0.994	0	c7	RPS21
0	0.533802219481562	0.999	0.994	0	c7	RPL36
0	0.568525921297669	0.999	0.994	0	c7	RPS16
0	0.377951984033134	0.999	0.995	0	c7	RPL15
0	0.595936297912803	1	0.996	0	c7	RPL14
0	0.48924295728827	1	0.996	0	c7	RPL37
0	0.481302172534256	1	0.996	0	c7	RPL39
0	0.484371205190726	1	0.996	0	c7	RPL6
0	0.468186384080112	0.999	0.995	0	c7	RPL23A
0	0.670661455726886	0.999	0.995	0	c7	RPL3
0	0.4026970365264	0.999	0.996	0	c7	RPS7
0	0.705135393279749	1	0.997	0	c7	RPL32
0	0.551314264840412	0.999	0.996	0	c7	RPL35A
0	0.631960283922897	1	0.997	0	c7	RPL34
0	0.768223854801287	1	0.997	0	c7	RPS3A
0	0.671061301073873	1	0.997	0	c7	RPS23
0	0.646994996983547	1	0.997	0	c7	RPS18
0	0.454951285117815	0.999	0.996	0	c7	RPL8
0	0.735320908920132	0.999	0.996	0	c7	RPS6
0	0.544342428105895	0.999	0.996	0	c7	RPL12
0	0.419450356754282	1	0.997	0	c7	RPL7A
0	0.45249159076478	0.999	0.996	0	c7	RPLP2
0	0.718207733095002	0.999	0.996	0	c7	RPS13
0	0.362282402035341	1	0.997	0	c7	FAU
0	0.581737154788342	0.999	0.996	0	c7	RPS25
0	0.526777337232138	1	0.997	0	c7	RPS2
0	0.472846519994859	0.999	0.996	0	c7	RPL26
0	0.47849286236842	1	0.997	0	c7	RPS28
0	0.687326750513817	1	0.997	0	c7	RPL18A
0	0.623132446179879	1	0.997	0	c7	RPL18
0	0.643777814826588	1	0.998	0	c7	RPL11
0	0.788039348614374	1	0.998	0	c7	RPS8
0	0.398580484025955	1	0.998	0	c7	RPS27
0	0.591567497476982	0.999	0.997	0	c7	RPL29
0	0.684683924515101	0.999	0.997	0	c7	RPS14
0	0.450362602314148	0.999	0.997	0	c7	RPS4X
0	0.625836590299484	1	0.998	0	c7	RPL30
0	0.51211838361064	0.999	0.997	0	c7	RPS3
0	0.470885419486573	1	0.998	0	c7	TPT1
0	0.48012551108745	1	0.998	0	c7	RPS15A
0	0.685102376516303	1	0.998	0	c7	RPL13
0	0.414968469649072	0.999	0.997	0	c7	RPS15
0	0.581477223264731	0.999	0.998	0	c7	RPS27A
0	0.796776915899469	0.999	0.998	0	c7	RPS12
0	0.565771056128039	1	0.999	0	c7	RPL10
0	0.636778240342555	0.999	0.998	0	c7	RPL19
0	0.290932909698927	0.999	0.998	0	c7	RPL28
0	0.559111330514925	0.999	0.999	0	c7	EEF1A1
1.85903214437562e-289	0.642759000319256	0.982	0.957	6.23482200580696e-285	c7	JUNB
1.87469832042e-289	0.389595054130402	0.998	0.99	6.28736322702459e-285	c7	RPL37A
2.55458467190293e-285	0.823584689951075	0.925	0.8	8.56756607262806e-281	c7	SLC2A3
8.58968679575092e-278	0.446191546332629	0.992	0.97	2.88080915755894e-273	c7	RPL31
1.71850789433979e-273	0.714315906121261	0.89	0.776	5.7635317760368e-269	c7	EIF3E
1.16586225256244e-272	1.08242773528867	0.601	0.326	3.91006882264393e-268	c7	ICAM2
7.91339507408967e-265	0.454186257808704	0.99	0.97	2.65399443994819e-260	c7	RPL38
2.08114743938831e-251	1.80970210779316	0.312	0.12	6.97975228222053e-247	c7	ARMH1
2.80024390054929e-242	0.541873437994347	0.953	0.889	9.39145799366222e-238	c7	RPS20
3.43037146933487e-241	0.707835614950253	0.877	0.71	1.15047798338553e-236	c7	AES
4.46230846750079e-236	0.33420478055487	1	0.995	1.49656901383041e-231	c7	TMSB10
2.65361852445488e-230	0.285075481480726	0.999	0.997	8.89970580731679e-226	c7	RPS24
5.99986380332969e-226	1.09227587410295	0.558	0.323	2.01223432236071e-221	c7	ADD3
3.12752625690678e-223	0.299232786071659	0.997	0.992	1.0489097560414e-218	c7	UBA52
2.09168115716611e-217	0.319367736570061	0.997	0.99	7.0150802649037e-213	c7	RPL35
9.92973936928307e-213	0.335912106550907	1	0.995	3.33023598967016e-208	c7	RPLP0
5.13655594585314e-208	1.11501263720209	0.434	0.216	1.72269813312022e-203	c7	CDC25B
5.30929783175405e-204	0.325700816290036	0.998	0.99	1.78063230681367e-199	c7	EEF1D
8.45035047658837e-203	1.38283698362218	0.341	0.152	2.83407854283821e-198	c7	P2RY8
2.56640504253272e-181	0.859661864990393	0.72	0.543	8.60720923164624e-177	c7	NDFIP1
1.69708739915524e-172	1.04036446063549	0.466	0.265	5.69169171928686e-168	c7	SATB1
4.90830368722318e-171	0.696468642670782	0.741	0.556	1.64614689062091e-166	c7	TMEM123
2.11295366010801e-168	0.72939731743326	0.705	0.559	7.08642398527023e-164	c7	RPS4Y1
1.78207285054014e-165	0.354296546031229	0.998	0.99	5.97671592614151e-161	c7	SARAF
1.62745401574878e-163	0.370731266684774	0.981	0.946	5.45815527801825e-159	c7	RPL27A
8.66647129224516e-161	0.508072036881279	0.893	0.802	2.90656114199318e-156	c7	RPS10
3.71263411266016e-158	0.314364326553326	0.995	0.98	1.24514322870396e-153	c7	PFDN5
1.54266064540831e-155	0.356633579741142	0.986	0.962	5.17377527257038e-151	c7	NPM1
4.16789844574771e-153	1.24514121307463	0.316	0.151	1.39782978073487e-148	c7	SH3YL1
7.67735107659566e-153	0.869431515880315	0.471	0.27	2.57483000406865e-148	c7	LINC00861
3.52191598108349e-150	0.345996864607688	0.979	0.955	1.18118018173578e-145	c7	TOMM7
9.71287981658965e-150	1.03952603308355	0.39	0.208	3.25750563288784e-145	c7	THEM4
3.47483566922821e-148	0.446729154074452	0.938	0.86	1.16539038674576e-143	c7	RPL36A
1.74044171448839e-147	0.524840160882464	0.873	0.767	5.83709342205117e-143	c7	EIF4B
3.02947457148503e-144	0.971843277284009	0.554	0.374	1.01602518178465e-139	c7	ABLIM1
1.9636060142353e-143	0.459606452203064	0.896	0.652	6.58554185054234e-139	c7	IL7R
1.62890290108743e-141	0.815646459462809	0.592	0.39	5.46301454966701e-137	c7	AQP3
3.4394521828855e-136	0.437614051687161	0.92	0.842	1.15352347309614e-131	c7	RPL23
1.48074568369123e-130	0.788607089350779	0.562	0.377	4.96612487396366e-126	c7	FOXP1
6.6252214677207e-130	0.808337379902508	0.574	0.4	2.22196677584417e-125	c7	TMEM243
9.21029239405831e-123	0.191501396309558	1	0.998	3.08894786311927e-118	c7	RPS19
1.36185867757454e-122	0.716741545820832	0.597	0.418	4.56740163284948e-118	c7	SOCS3
4.04798373548085e-121	1.11128066689659	0.307	0.16	1.35761278520557e-116	c7	STMN3
4.67225012181128e-120	0.588884150154838	0.726	0.56	1.56697924585307e-115	c7	FLT3LG
1.21567458174566e-118	0.860558715821839	0.381	0.212	4.07712941225859e-114	c7	SORL1
1.88932619372677e-112	0.451484687191437	0.871	0.778	6.33642218852083e-108	c7	EIF3L
5.94311305304954e-109	0.430311621181988	0.881	0.782	1.99320125573175e-104	c7	EIF3H
2.38537314820698e-107	0.235907856753155	0.996	0.989	8.00006446445656e-103	c7	RPS29
4.05388552135245e-105	0.819009424886128	0.377	0.224	1.35959212615119e-100	c7	IL6ST
3.813041747256e-104	0.285022724873917	0.981	0.957	1.27881794119472e-99	c7	RPS11
1.3178604737971e-99	0.564490012289025	0.663	0.494	4.41984045702072e-95	c7	MCUB
3.49297029236317e-99	0.499845912402564	0.376	0.218	1.17147237665276e-94	c7	AREG
4.56196502657585e-99	0.508977461020034	0.756	0.629	1.52999183061301e-94	c7	SNHG8
3.84730062536529e-98	0.911412743336412	0.333	0.192	1.29030768373501e-93	c7	SERINC5
4.78057202794244e-98	0.861222109178697	0.313	0.175	1.60330824673134e-93	c7	PASK
6.15441666061691e-94	0.583265206738793	0.652	0.506	2.0640682596377e-89	c7	EIF2S3
3.3044540410084e-93	0.56842966892637	0.677	0.538	1.1082477962734e-88	c7	RSL1D1
1.16242846074638e-92	0.482866382382115	0.784	0.634	3.89855257165121e-88	c7	RGCC
3.38051553243005e-92	0.522692976583669	0.746	0.633	1.13375729926639e-87	c7	SMDT1
9.22855978341662e-92	0.252142538196037	0.99	0.975	3.09507438016226e-87	c7	HNRNPA1
2.67071780443046e-90	0.381992787846295	0.896	0.824	8.95705337249886e-86	c7	C12orf57
3.37367008456946e-89	0.233150352018827	0.992	0.976	1.1314614729629e-84	c7	BTF3
7.42706593335639e-89	0.210829088270008	1	0.999	2.49088937272907e-84	c7	MALAT1
1.07214539301647e-86	0.801122803599696	0.434	0.296	3.59576121909864e-82	c7	PLSCR3
1.11150180475557e-86	0.399825615640704	0.875	0.79	3.72775475278924e-82	c7	SF1
1.35699764708233e-85	0.267672457276797	0.968	0.928	4.55109870878471e-81	c7	HINT1
6.33065412751904e-85	0.395462251976869	0.98	0.97	2.12317478128734e-80	c7	RPS26
2.53733895222071e-84	0.621169446351267	0.659	0.537	8.50972737795781e-80	c7	PRMT2
1.13920559636576e-83	0.248991604841319	0.991	0.95	3.82066772909149e-79	c7	IFITM1
5.56255581339157e-83	0.715560656780924	0.479	0.336	1.86556996869527e-78	c7	ATM
9.24716357035412e-82	0.451231352433923	0.775	0.67	3.10131371822537e-77	c7	UXT
2.99693056074956e-79	0.38205150874201	0.714	0.562	1.00511057146419e-74	c7	FCMR
2.04119263235143e-77	0.380853377649382	0.854	0.73	6.84575185038021e-73	c7	EMP3
2.00480408736333e-76	0.433538093072542	0.999	0.996	6.72371194819913e-72	c7	FTH1
7.95945309477728e-76	0.48997842281918	0.714	0.596	2.6694413789264e-71	c7	NSA2
1.62422659392044e-75	0.558478899085102	0.611	0.488	5.44733115069039e-71	c7	FBL
4.53876391856919e-75	0.425124514087422	0.65	0.486	1.52221064300974e-70	c7	GPR183
1.88654691321501e-74	0.734565838528312	0.439	0.31	6.3271010375405e-70	c7	C6orf48
6.09795793037919e-74	0.293611970136514	0.882	0.751	2.04513313069057e-69	c7	CXCR4
4.02812303826614e-72	0.569227061018273	0.522	0.385	1.3509519045737e-67	c7	DGKA
4.60456130869682e-72	0.236490749179821	0.986	0.966	1.54427777171074e-67	c7	COX4I1
2.25353346685404e-71	0.245307946821524	0.996	0.985	7.55790054113509e-67	c7	BTG1
9.00215568718071e-68	0.542174669355407	0.691	0.578	3.01914297436667e-63	c7	DDIT4
1.73201864726469e-66	0.34153851025768	0.849	0.764	5.80884413919633e-62	c7	ZFAS1
5.97612257011748e-64	0.284535450335397	0.928	0.86	2.004271987566e-59	c7	EIF3F
3.91834913203017e-62	0.387091302394066	0.776	0.668	1.31413593190028e-57	c7	CCND3
3.01123738547797e-60	0.432524563047596	0.728	0.637	1.0099087943416e-55	c7	ST13
2.96181490315435e-58	0.599165005006151	0.405	0.285	9.93333482219905e-54	c7	PABPC4
5.71463809568897e-56	0.29808186044655	0.861	0.786	1.91657532453217e-51	c7	RPS17
8.65473774311045e-56	0.634940510732301	0.407	0.293	2.90262594428438e-51	c7	IMPDH2
8.14232200050411e-55	0.401178427431242	0.686	0.581	2.73077195252907e-50	c7	RNASET2
1.51732583562264e-54	0.525736963721579	0.544	0.426	5.08880738751121e-50	c7	PIK3IP1
4.65915408424635e-54	0.117451472321909	1	0.999	1.56258709677454e-49	c7	RPLP1
3.0959028400664e-53	0.590146742195244	0.353	0.242	1.03830389450147e-48	c7	TNFRSF25
1.00909300620771e-52	0.643670278377353	0.378	0.269	3.38429612421942e-48	c7	PDE3B
1.48727954522276e-52	0.727390682966337	0.335	0.234	4.9880381387681e-48	c7	STK38
1.12536580069651e-51	0.418644818946872	0.515	0.382	3.77425182237594e-47	c7	CD28
1.42163506379438e-51	0.251833062912403	0.985	0.965	4.7678796769536e-47	c7	ZFP36L2
4.3522301828429e-50	0.558028036883226	0.395	0.28	1.45965095872185e-45	c7	TIMP1
5.18063804272092e-49	0.470246151401194	0.49	0.375	1.73748238676774e-44	c7	CYTH1
9.555328422856e-49	0.504061508042526	0.502	0.396	3.20466604645745e-44	c7	APEX1
2.21752734043787e-47	0.323783651544652	0.448	0.313	7.43714319436052e-43	c7	CD4
4.81749709745423e-47	0.41250568260407	0.59	0.479	1.6156921765442e-42	c7	C1QBP
3.03773832265342e-46	0.331988176335973	0.576	0.444	1.0187966786515e-41	c7	LIME1
2.49752661169068e-44	0.257950067061452	0.881	0.815	8.3762047502882e-40	c7	SERP1
3.55958690566704e-44	0.389571510549741	0.56	0.448	1.19381425642261e-39	c7	VSIR
7.21401910561851e-44	0.238187741349672	0.584	0.451	2.41943772764234e-39	c7	LITAF
6.99891080989253e-42	0.337051569340157	0.708	0.625	2.34729470742176e-37	c7	TOMM20
2.08351841780032e-41	0.139653487053958	0.997	0.993	6.98770406961872e-37	c7	RPL41
5.95033317111844e-41	0.539974540673479	0.371	0.273	1.9956227389297e-36	c7	TESPA1
3.94441314675289e-39	0.351263961354735	0.677	0.596	1.32287728115798e-34	c7	ARHGAP15
1.35652960539001e-38	0.192860923966541	0.935	0.904	4.54952899055701e-34	c7	UQCRB
2.02023152665225e-37	0.814569710682135	0.384	0.3	6.77545249408633e-33	c7	CHMP1B
2.63338136845613e-37	0.441478308104045	0.527	0.44	8.83183443352815e-33	c7	ALKBH7
6.47385675809247e-37	0.17027794531843	0.968	0.949	2.17120207952905e-32	c7	COX7C
1.94483475292808e-36	0.556435361481371	0.409	0.323	6.52258679437021e-32	c7	SNHG7
2.13039545661707e-36	0.177561519197915	0.942	0.919	7.14492028240233e-32	c7	COMMD6
1.02016915982268e-35	0.617256813831123	0.354	0.268	3.42144332821329e-31	c7	THOC3
1.12141145241798e-35	0.204520257269752	0.928	0.876	3.76098972911943e-31	c7	SNRPD2
7.45309383995818e-35	0.23094209452916	0.829	0.746	2.49961861204517e-30	c7	ANP32B
2.64620224868812e-34	0.348666261392668	0.496	0.392	8.87483310165022e-30	c7	INPP4B
1.074517768634e-33	0.459136293699857	0.44	0.353	3.60371769244471e-29	c7	SYTL1
2.26364152151187e-33	0.664348342134573	0.322	0.245	7.59180093484651e-29	c7	CHMP7
2.09399880576046e-32	0.608503835169975	0.35	0.269	7.02285319475943e-28	c7	SOD2
5.87197274780708e-32	0.180828449181335	0.952	0.916	1.96934222015954e-27	c7	SLC25A6
6.84217301994438e-31	0.497200093929207	0.345	0.261	2.29472798742895e-26	c7	SNHG15
1.21405809586549e-29	0.503813123045561	0.392	0.312	4.07170804191367e-25	c7	NFKB1
2.3446674947835e-29	0.370597804295629	0.453	0.362	7.86354584400491e-25	c7	RCAN3
7.55467872146366e-27	0.243476918153879	0.75	0.677	2.53368814960448e-22	c7	NME2
1.10033406996231e-26	0.119981951397151	0.926	0.841	3.69030040383959e-22	c7	LIMD2
1.27857842594692e-26	0.335810129961561	0.581	0.503	4.28809632494079e-22	c7	HAX1
1.52904169623071e-26	0.308740440284891	0.534	0.447	5.12810004081857e-22	c7	TRAT1
1.59326332981141e-24	0.338380234086469	0.437	0.357	5.34348655552151e-20	c7	BIRC3
1.80622237104964e-23	0.368495958602344	0.379	0.303	6.05770858802628e-19	c7	FKBP5
2.88829482504658e-23	0.346269840886612	0.481	0.411	9.68676318424123e-19	c7	VPS51
3.74691822889313e-23	0.345381413002596	0.547	0.481	1.25664143560618e-18	c7	TMC8
1.20298413284677e-21	0.321543766585732	0.41	0.329	4.03456818474148e-17	c7	SYPL1
5.04253664514517e-21	0.295527965266905	0.73	0.688	1.69116594004879e-16	c7	YPEL5
9.95039953745371e-21	0.211343026519365	0.57	0.497	3.33716499687122e-16	c7	HSPB1
1.57115057395002e-20	0.289300993275449	0.412	0.333	5.26932479491358e-16	c7	TMEM173
1.59371299044199e-20	0.394502385240757	0.337	0.27	5.34499462734436e-16	c7	PLK3
3.52535821959447e-20	0.155708094760085	0.861	0.807	1.18233463968759e-15	c7	APRT
5.51634151079108e-20	0.169344845330354	0.837	0.786	1.85007061588911e-15	c7	EIF3G
1.25358908276706e-19	0.207085089125493	0.719	0.656	4.20428706578417e-15	c7	DENND2D
3.34612626117563e-19	0.0852061649160627	0.849	0.746	1.12222382547308e-14	c7	CNN2
6.48752224859828e-19	0.412819779412203	0.364	0.306	2.17578521173489e-14	c7	SSH2
1.46886895444713e-18	0.298194247157792	0.606	0.551	4.92629269942478e-14	c7	OCIAD2
2.7593532927361e-18	0.414906229473238	0.308	0.248	9.25431907317832e-14	c7	IL17RA
3.0363864485009e-18	0.25954533568036	0.644	0.588	1.01834328709823e-13	c7	STAT3
5.90407699201576e-18	0.210927890114145	0.66	0.604	1.98010934158225e-13	c7	IKZF1
6.06313870455359e-18	0.034524938252859	0.826	0.713	2.03345545873318e-13	c7	SPOCK2
1.31489946263054e-17	0.315620990132001	0.525	0.467	4.4099098177703e-13	c7	ZNF331
1.69169709705275e-17	0.151600561786798	0.612	0.52	5.6736137240955e-13	c7	CD5
3.63852065861942e-17	0.124076209888851	0.904	0.849	1.22028705848778e-12	c7	GPSM3
1.33054440254083e-16	0.230106163965435	0.568	0.499	4.46237981724142e-12	c7	PSIP1
1.41921040337894e-16	0.287018498025687	0.385	0.322	4.7597478508523e-12	c7	S1PR4
2.0767890398139e-16	0.329557116785872	0.533	0.476	6.96513508172784e-12	c7	BCAS2
2.55480930496674e-16	0.150085604608923	0.841	0.795	8.56831944699745e-12	c7	EIF4A2
5.61734236704992e-16	0.347116019009206	0.554	0.501	1.8839442830612e-11	c7	DCXR
7.02839622470048e-16	0.257727269908369	0.5	0.439	2.35718352584005e-11	c7	SBDS
1.1338220038307e-15	0.197577498340638	0.636	0.565	3.80261223644739e-11	c7	GIMAP1
1.44535697581652e-15	0.22589273033975	0.618	0.563	4.84743822549344e-11	c7	RSL24D1
2.37737147127006e-15	0.231149153041684	0.569	0.511	7.97322844034551e-11	c7	MAX
4.22133515680632e-15	0.30246618151381	0.329	0.272	1.4157513848897e-10	c7	TNIK
8.62100047560054e-15	0.350874063156861	0.354	0.296	2.89131113950691e-10	c7	ARL4A
1.67631427533709e-14	0.357679224231071	0.347	0.295	5.62202281662552e-10	c7	NBDY
3.40566852441536e-14	0.157121995435575	0.813	0.763	1.14219310971842e-09	c7	ERP29
3.55235316774407e-14	0.108111078815273	0.905	0.865	1.19138820539801e-09	c7	CD48
9.47247236484652e-14	0.0918333015585371	0.955	0.923	3.17687778172223e-09	c7	CD37
2.6554284906326e-13	0.340871382164505	0.417	0.368	8.90577607188362e-09	c7	RNF139
7.6696000906796e-13	0.271819206133512	0.421	0.369	2.57223047841213e-08	c7	MFNG
8.31990880420069e-13	0.153823324203115	0.647	0.592	2.79033101475283e-08	c7	TNFAIP8
1.03675967186229e-12	0.328324717322966	0.334	0.285	3.47708458749174e-08	c7	CRBN
1.12926624413441e-12	0.236070278844793	0.521	0.468	3.78733312957797e-08	c7	ZC3HAV1
1.73547199110275e-11	0.277118045330817	0.468	0.423	5.82042596376042e-07	c7	IL27RA
2.28243564608804e-11	0.272365625456418	0.418	0.373	7.65483266985006e-07	c7	EIF2A
2.69739179410706e-11	0.225594260667379	0.558	0.511	9.04651259907627e-07	c7	GRK6
3.32162355679749e-11	0.205575730479019	0.504	0.455	1.11400610847874e-06	c7	AAK1
4.2187951910188e-11	0.169093951145748	0.676	0.623	1.41489953116389e-06	c7	EIF5A
4.30964619710141e-11	0.165394232112297	0.634	0.576	1.44536914158387e-06	c7	CAMK4
4.76268508904918e-11	0.224720706115559	0.426	0.376	1.59730932516531e-06	c7	SMAP2
5.66558991325082e-11	0.220897720906221	0.581	0.528	1.90012554510606e-06	c7	SMCHD1
5.82834600297888e-11	0.183777914147645	0.544	0.483	1.95471068247906e-06	c7	TSPO
9.49920003017622e-11	0.198085732684576	0.41	0.352	3.1858417061205e-06	c7	PHF1
1.02823783726464e-10	0.137879030283374	0.796	0.753	3.44850405861815e-06	c7	HNRNPA0
1.09425912358256e-10	0.274583880807901	0.34	0.294	3.6699262486712e-06	c7	TUT4
1.10721114820439e-10	0.192123195512419	0.428	0.379	3.71336474884789e-06	c7	JAK3
1.36330050552343e-10	0.0714422188907822	0.987	0.97	4.57223723542446e-06	c7	RPL36AL
1.9864685507009e-10	0.201712334280981	0.494	0.443	6.66221822534067e-06	c7	FAM107B
2.49889297441487e-10	0.0987762835341606	0.79	0.74	8.38078725759258e-06	c7	TXNIP
2.65520726338549e-10	0.351814805699209	0.388	0.352	8.90503411994225e-06	c7	TRADD
3.62628057605204e-10	0.262975981156746	0.406	0.362	1.21618197959633e-05	c7	TES
4.11155156199242e-10	0.187452637720053	0.526	0.475	1.37893216286102e-05	c7	OXA1L
4.12059576824172e-10	0.0606817798490402	1	0.997	1.38196540875291e-05	c7	MT-ND4L
4.13441195979767e-10	0.174566225046549	0.333	0.275	1.38659908307694e-05	c7	SELENOM
6.1458467600317e-10	0.13099552351116	0.649	0.603	2.06119408637943e-05	c7	SIGIRR
1.11211858955304e-09	0.204536571165022	0.505	0.458	3.729823325643e-05	c7	CYLD
1.25635910579014e-09	0.140613501606187	0.6	0.546	4.21357716899898e-05	c7	TUBA4A
1.38479473742637e-09	0.171684523262371	0.575	0.529	4.64432459038057e-05	c7	SNRPN
1.83313208929845e-09	0.11768852434325	0.771	0.725	6.14795840108914e-05	c7	TRAF3IP3
3.69032781793351e-09	0.106482136094014	0.762	0.718	0.000123766214357854	c7	GPX4
4.53220885728073e-09	0.18264251752024	0.452	0.404	0.000152001220655481	c7	HMGN3
4.56781852131564e-09	0.145990557847867	0.601	0.548	0.000153195497567884	c7	PPA1
4.64586560450613e-09	0.0900207330350811	0.931	0.901	0.000155813040643927	c7	EIF3K
4.71494864483445e-09	0.234274145234978	0.441	0.403	0.000158129947650458	c7	DAP3
4.78329112625438e-09	0.11633851618189	0.852	0.825	0.000160422017792319	c7	LEPROTL1
8.06636404248825e-09	0.179995685311548	0.44	0.391	0.000270529717256971	c7	DDX21
8.56194570784182e-09	0.184179379759844	0.517	0.481	0.000287150535149599	c7	TAF1D
1.00453485069531e-08	0.273298801056108	0.327	0.29	0.000336900898226193	c7	EGLN2
1.20044562228627e-08	0.214667459485457	0.325	0.283	0.000402605452802368	c7	DGKZ
1.73906456770969e-08	0.0992327941428164	0.871	0.843	0.000583247474718475	c7	SSR2
3.65455935919318e-08	0.128406391224815	0.577	0.532	0.00122566611788621	c7	ATP1A1
4.03157648400818e-08	0.272206086539211	0.314	0.278	0.00135211012120666	c7	CHD3
4.18206314687931e-08	0.172533681653522	0.516	0.475	0.00140258033820038	c7	GCC2
6.98635326635469e-08	0.0637824046262825	0.826	0.793	0.00234308315847004	c7	GIMAP7
7.32407462135193e-08	0.077388772632172	0.329	0.288	0.00245634814650901	c7	NPC2
2.29003559779421e-07	0.143274018868146	0.589	0.546	0.00768032138788223	c7	BIN2
2.53100924852246e-07	0.0932988666707311	0.819	0.792	0.00848849881769463	c7	FUS
3.36548273944295e-07	0.0178548941701613	0.922	0.875	0.0112871560115438	c7	TSC22D3
4.0445249115985e-07	0.305233709828084	0.308	0.276	0.013564527648519	c7	ALG13
4.30472297410702e-07	0.10725786106479	0.709	0.674	0.0144371799105601	c7	PPP1R2
4.94409702690354e-07	0.226593625538613	0.377	0.343	0.0165815126088291	c7	CHD1
6.55108597393374e-07	0.131138575169652	0.633	0.603	0.021971032139379	c7	EIF3D
1.137103558732e-06	0.0862230631527928	0.639	0.589	0.0381361791527539	c7	ARL4C
1.19818632703916e-06	0.0915239507917538	0.624	0.575	0.0401847730362393	c7	HSPD1
1.43767626292587e-06	0.22907225009339	0.315	0.281	0.048216786506008	c7	RBM38
