p_val	avg_log2FC	pct.1	pct.2	p_val_adj	cluster	gene
0	2.87806197815775	0.591	0.16	0	c9	PASK
0	2.30104110168836	0.543	0.136	0	c9	CCR7
0	2.07210286592755	0.668	0.273	0	c9	TCF7
0	4.03579457661628	0.387	0.035	0	c9	CXCR5
0	2.74923668776541	0.425	0.089	0	c9	IL6R
0	2.16228009227408	0.503	0.218	0	c9	IL6ST
0	2.19620998987729	0.412	0.135	0	c9	SPINT2
0	1.71703589355967	0.449	0.175	0	c9	LEF1
0	1.31531109216315	0.743	0.483	0	c9	GPR183
0	2.25211322094612	0.393	0.143	0	c9	CMTM8
0	2.54257592028738	0.34	0.09	0	c9	LINC00402
0	2.88168336524473	0.31	0.064	0	c9	FAAH2
0	2.82408811828406	0.345	0.113	0	c9	TOX2
0	0.853101350508742	0.964	0.925	0	c9	FXYD5
0	1.02716616767264	0.978	0.957	0	c9	JUNB
0	0.490889609663723	0.999	0.998	0	c9	RPS8
0	0.40056367154206	0.998	0.997	0	c9	RPL32
0	0.432427120694375	0.996	0.997	0	c9	RPS3A
0	0.411571746607049	0.997	0.996	0	c9	RPS13
0	0.82506790282409	1	0.999	0	c9	MALAT1
0	0.394081180634513	0.998	0.998	0	c9	RPL30
2.22644168872461e-288	0.346307101347999	0.999	0.998	7.46704013564458e-284	c9	RPL11
9.25069135721294e-278	1.10137554242697	0.649	0.346	3.10249686738208e-273	c9	CD40LG
8.89077457868226e-269	0.32500102502072	0.999	0.998	2.98178797819846e-264	c9	RPL19
3.15200584588727e-265	0.427368629760403	0.99	0.991	1.05711972059367e-260	c9	RPL22
4.93367403169679e-250	0.435152313653485	0.991	0.991	1.65465559675047e-245	c9	RPL9
8.83104637785431e-246	0.698271324890698	0.945	0.891	2.96175633420478e-241	c9	FYB1
2.33619201694827e-239	1.86229418012193	0.327	0.126	7.83512078644109e-235	c9	FBLN7
6.09315597381195e-233	2.15088080351899	0.305	0.117	2.04352265049705e-228	c9	SLC9A9
5.13591261845234e-231	1.34577000461548	0.585	0.383	1.72248237397654e-226	c9	DGKA
1.57578446263943e-214	0.290079772565276	0.998	0.997	5.28486593080013e-210	c9	RPS23
1.30266101193453e-210	0.354246706942976	0.999	0.997	4.36886450182602e-206	c9	RPS28
2.95221162358229e-204	1.02992062674407	0.689	0.485	9.90112734317029e-200	c9	ICOS
3.32981504194166e-195	0.277013889967444	0.999	0.998	1.11675336876639e-190	c9	RPL13
1.0012863407365e-191	1.84178479194296	0.3	0.123	3.35811412956209e-187	c9	ARMH1
6.35454565679308e-186	1.16261619046431	0.581	0.388	2.13118752237526e-181	c9	INPP4B
5.01039850895833e-182	0.434457050554951	0.983	0.977	1.68038745193444e-177	c9	EEF1B2
1.02776574406948e-181	1.11988011955693	0.528	0.31	3.44692075246022e-177	c9	CD4
8.88485460750376e-178	0.276381984880118	0.999	0.998	2.97980253826461e-173	c9	RPS27A
1.04450843430455e-174	0.247316829273993	0.999	0.998	3.5030723869706e-170	c9	RPS15A
1.23185816430488e-173	0.970249506712364	0.704	0.564	4.13140591144572e-169	c9	FCMR
1.8128482955455e-173	1.42756831846769	0.353	0.166	6.07993061360051e-169	c9	MAL
6.82951396455305e-171	0.356123315719958	0.993	0.995	2.2904823934318e-166	c9	RPL36
5.00330673584064e-169	0.33568749592239	0.988	0.993	1.67800901306623e-164	c9	RPL21
4.86776571606658e-164	0.265651711805845	0.999	0.997	1.63255126585441e-159	c9	RPS3
7.87605916549763e-164	1.5714459934143	0.369	0.192	2.6414727229246e-159	c9	SERINC5
2.75663511001352e-155	1.02608429801014	0.562	0.381	9.24520283196336e-151	c9	CD28
9.70175780888562e-154	1.41769109280178	0.475	0.298	3.25377553394406e-149	c9	FKBP5
6.57615532644986e-152	0.848164676593574	0.695	0.581	2.20551097338475e-147	c9	RNASET2
9.44008424685836e-150	0.283402621020019	0.998	0.997	3.16601545471136e-145	c9	RPL34
1.28366205726916e-149	0.270863783998645	0.997	0.996	4.30514580766932e-145	c9	RPL35A
1.00005748272129e-146	0.261328974695401	0.997	0.997	3.35399278555066e-142	c9	RPS14
4.21272944989207e-145	0.233842317962968	1	0.999	1.4128652029048e-140	c9	EEF1A1
7.33566562230131e-145	0.274697073368117	0.999	0.998	2.46023553640741e-140	c9	RPS12
5.40368500370243e-143	0.306052147713506	0.989	0.993	1.81228787654172e-138	c9	RPL24
8.75009622818281e-143	0.452229182618957	0.879	0.709	2.93460727300795e-138	c9	LTB
1.75034426868495e-142	0.262231954415775	0.995	0.996	5.87030460831558e-138	c9	RPS25
1.15215049221313e-139	1.09752972404001	0.575	0.421	3.8640823207844e-135	c9	SOCS3
1.42627679658402e-136	0.264210311099628	0.996	0.996	4.7834471203835e-132	c9	RPS6
6.55959023298236e-136	0.798485875513152	0.694	0.59	2.19995537233763e-131	c9	TNFAIP8
1.66211320386363e-134	0.278000997731403	0.995	0.994	5.57439526311783e-130	c9	RPL5
2.03872340893762e-134	0.833294175233999	0.839	0.807	6.83747056889499e-130	c9	SLC2A3
1.57120505418723e-131	0.227206148188933	0.998	0.997	5.26950751073315e-127	c9	RPL18
5.12272207046155e-127	1.08788412086032	0.478	0.299	1.7180585279914e-122	c9	CTLA4
5.63858194498559e-124	0.392514149593757	0.987	0.99	1.89106761270927e-119	c9	SARAF
2.27947232906451e-122	1.47286209930563	0.323	0.172	7.64489429721654e-118	c9	MAF
6.66906750313307e-122	0.253790511019571	0.996	0.995	2.23667185920077e-117	c9	RPL3
1.01700993187533e-121	0.703439142195254	0.756	0.684	3.41084790952349e-117	c9	IL16
6.92354825352535e-120	0.876592698781017	0.68	0.588	2.32201961326733e-115	c9	NR3C1
1.32382219141507e-119	0.247658956785513	0.997	0.997	4.43983486556787e-115	c9	RPL37
2.73747438407051e-115	0.597910649106202	0.844	0.794	9.18094158929567e-111	c9	LAT
2.96851499403175e-114	1.4111233444881	0.346	0.198	9.9558055869837e-110	c9	TOX
8.03659308712238e-113	0.953412769381	0.56	0.426	2.6953125895591e-108	c9	PIK3IP1
1.50395298084965e-112	0.797147228805433	0.621	0.499	5.04395750717355e-108	c9	MCUB
2.120686028661e-112	0.208389299751885	0.997	0.997	7.11235680292327e-108	c9	RPL29
6.62615033279708e-112	0.268722138747743	0.999	0.998	2.22227829861348e-107	c9	RPS27
4.08389745204183e-109	1.01918752338544	0.528	0.405	1.36965752746579e-104	c9	TMEM243
1.18266148129107e-108	0.305940248876395	0.985	0.99	3.966410075954e-104	c9	EEF1D
5.56032760478881e-108	0.453527965425872	0.907	0.874	1.86482267209407e-103	c9	LDHB
3.20924479289461e-106	0.25150949382805	0.998	0.996	1.07631651864099e-101	c9	RPL39
1.96689036171376e-104	0.231172036261053	0.996	0.996	6.59655689511562e-100	c9	RPL8
1.19278191785972e-99	0.413205706307232	0.988	0.986	4.00035199611793e-95	c9	BTG1
2.3530462364725e-99	0.296004371909649	0.965	0.967	7.89164646788147e-95	c9	EEF1G
1.79199014806194e-96	0.6737924850461	0.732	0.673	6.00997655857012e-92	c9	PPP1R2
2.65288928828138e-94	1.66191273199156	0.302	0.176	8.8972600950381e-90	c9	NFATC1
1.22049490720102e-93	0.354048873548327	0.978	0.974	4.09329581977078e-89	c9	PTPRC
2.74250235587672e-93	0.189986493479012	1	0.999	9.19780440113936e-89	c9	RPL10
4.84488757525409e-93	0.225543484291343	0.997	0.997	1.62487839498872e-88	c9	RPS18
8.29468641332616e-93	0.740716102374682	0.664	0.588	2.78187192930133e-88	c9	STAT3
1.30134307102351e-92	0.210968500153329	0.997	0.996	4.36444439159863e-88	c9	RPLP2
1.27543276851544e-91	0.655830119890022	0.746	0.684	4.27754641904707e-87	c9	KIAA1551
1.51337440280292e-90	0.748347268784096	0.645	0.541	5.07555507212042e-86	c9	PBXIP1
6.29616914621445e-90	0.302054535348176	0.969	0.97	2.1116092082574e-85	c9	RPL7
1.35499280734897e-86	0.794731683077915	0.489	0.368	4.54437487728697e-82	c9	CTSB
1.75864840755456e-85	1.06409127366359	0.455	0.334	5.89815502925649e-81	c9	CEMIP2
2.24160856596816e-84	0.274338924337572	0.974	0.982	7.517906808544e-80	c9	PFDN5
2.39806268957394e-83	0.608114795339501	0.695	0.653	8.04262264829309e-79	c9	ISCU
1.05496950627132e-82	0.973373725792099	0.448	0.328	3.53815673013275e-78	c9	SYPL1
3.72936144369159e-82	1.21345642331621	0.311	0.188	1.25075324098528e-77	c9	LDLRAP1
2.24231610009838e-81	0.352846703818606	0.926	0.925	7.52027973650996e-77	c9	CD37
9.21491782765233e-81	0.541880977832567	0.851	0.755	3.09049914103804e-76	c9	CXCR4
1.12719986115759e-79	0.993466203811491	0.452	0.339	3.78040289435032e-75	c9	ATM
1.61439904759709e-79	0.87194870509294	0.586	0.525	5.41437152583111e-75	c9	PPP1CC
3.32616127222588e-79	0.552954940641905	0.857	0.834	1.11552796747912e-74	c9	BTG2
2.8817206023999e-78	0.496193957580871	0.799	0.774	9.66471455632878e-74	c9	SRSF5
2.05449154127877e-77	0.184674224292221	0.999	0.999	6.89035373114075e-73	c9	RPLP1
1.60925616533578e-76	0.442598811848804	0.844	0.841	5.39712332730315e-72	c9	CIRBP
3.15849712949461e-76	0.417845747171089	0.811	0.715	1.0592967672899e-71	c9	SPOCK2
5.34022787026481e-76	0.45894921773122	0.841	0.828	1.79100562312941e-71	c9	C12orf57
1.34495107107488e-75	0.217889275644379	0.997	0.997	4.51069690217095e-71	c9	RPS4X
1.59923488877797e-74	0.875090466211647	0.438	0.312	5.36351396998355e-70	c9	ARID5B
1.85973626823541e-73	0.65515144711541	0.633	0.564	6.23718349640793e-69	c9	TMEM123
5.53326014369883e-72	0.201340172841023	0.994	0.995	1.85574478699371e-67	c9	RPS16
1.23402655703066e-71	0.207072538856917	0.992	0.994	4.13867826696943e-67	c9	NACA
1.58809617028317e-71	0.96406305518779	0.433	0.328	5.3261569358957e-67	c9	TLK1
3.10520886379076e-71	0.480524135885555	0.805	0.795	1.04142494873815e-66	c9	SF1
2.57149243735502e-70	0.869236522461082	0.486	0.384	8.62427133640126e-66	c9	FOXP1
1.55856805858836e-69	0.209633122413564	0.989	0.992	5.22712555489363e-65	c9	RPS5
7.09575247276442e-68	0.160237609379687	0.997	0.997	2.37977346431573e-63	c9	RPS15
6.16197384267945e-67	0.675459043088922	0.596	0.508	2.06660278735783e-62	c9	TC2N
1.59167817420578e-66	0.471935582962976	0.781	0.747	5.33817026065136e-62	c9	SEPT6
1.60495887956594e-66	0.89499633472578	0.488	0.401	5.38271109028824e-62	c9	CMTM7
1.81393562354565e-66	0.292338942278982	0.965	0.952	6.08357729424741e-62	c9	IFITM1
2.85547101575366e-66	0.300646587833513	0.965	0.971	9.57667869263462e-62	c9	PNRC1
1.36810774839136e-65	0.297240289029506	0.948	0.958	4.58835976655495e-61	c9	TOMM7
2.79510675377875e-64	0.615046836324846	0.608	0.522	9.37422903082318e-60	c9	CD5
1.11569525157704e-63	0.734518955686278	0.58	0.501	3.74181873473906e-59	c9	PIM2
4.17340444613039e-63	0.821449666933836	0.556	0.481	1.39967638314321e-58	c9	CORO1B
5.88635951976651e-63	0.224067967204565	0.983	0.989	1.97416725573929e-58	c9	RPL13A
1.26982488127451e-60	0.143121187633571	0.997	0.997	4.25873868681845e-56	c9	RPL18A
4.50183792825983e-59	0.634372433413283	0.715	0.689	1.50982640437978e-54	c9	ITM2A
1.06206089678582e-58	1.12329883485778	0.341	0.245	3.56193983564027e-54	c9	CHMP7
7.06120866591359e-58	0.177991079062632	0.987	0.991	2.3681881623741e-53	c9	RPS9
1.41643490112483e-57	0.295212883331026	0.97	0.974	4.75043937139246e-53	c9	DDX5
1.0290910776487e-56	0.403769898193316	0.775	0.774	3.45136565621822e-52	c9	EIF4B
2.62683229933143e-56	0.917420171160242	0.402	0.31	8.80987016549775e-52	c9	SFXN1
1.62828833300741e-54	0.424178537442328	0.802	0.793	5.46095341124025e-50	c9	FUS
6.78003022138641e-53	0.530156056093458	0.678	0.653	2.27388653564857e-48	c9	DDX17
1.03646410140075e-52	0.512114647542249	0.69	0.654	3.47609330327784e-48	c9	PNISR
8.34236593251674e-52	0.159492101742604	0.997	0.996	2.79786268644746e-47	c9	RPL12
3.95821726334959e-51	1.48775589228927	0.327	0.238	1.32750690578219e-46	c9	PDCD1
7.72115444887219e-51	0.482802641388288	0.692	0.659	2.58952077906275e-46	c9	DENND2D
1.6065341032784e-50	0.921148087881331	0.37	0.279	5.38799407557511e-46	c9	PHTF2
6.25925286660856e-50	0.538955926059473	0.718	0.718	2.09922822640318e-45	c9	ANKRD12
8.87838673242136e-50	0.274621133250799	0.914	0.931	2.97763334231947e-45	c9	HINT1
4.91401903703573e-49	1.05834063498327	0.302	0.212	1.64806370464104e-44	c9	NABP1
7.38116738161253e-49	0.294291622000921	0.97	0.95	2.47549591644521e-44	c9	DUSP1
9.27835727635122e-49	0.516238400741164	0.671	0.648	3.11177546334267e-44	c9	N4BP2L2
1.17674426431075e-48	0.720065566394789	0.64	0.582	3.94656491364538e-44	c9	DDIT4
5.13515912839483e-48	0.267554833181806	0.92	0.939	1.72222966848106e-43	c9	CCNI
1.12919278779484e-46	0.812455473915822	0.363	0.273	3.78708677170634e-42	c9	SELENOM
1.43981280968006e-45	0.684832977346629	0.521	0.462	4.828844201105e-41	c9	LIMS1
1.53202462739401e-45	0.264110654854073	0.899	0.922	5.13810419535402e-41	c9	COMMD6
7.29111401800908e-45	0.647410287584603	0.535	0.483	2.44529381935989e-40	c9	TMC8
1.01876097375524e-44	0.280767969148541	0.889	0.904	3.41672055378032e-40	c9	CNBP
2.31486893874336e-43	0.947611865768778	0.322	0.24	7.76360744675749e-39	c9	ELMO1
4.35851762452482e-43	0.933535276435509	0.378	0.305	1.46175964091313e-38	c9	SSH2
8.93919299746213e-43	0.337758476657431	0.766	0.751	2.99802654748885e-38	c9	ANP32B
1.10252845170418e-41	0.166280766651318	0.997	0.995	3.69765992132549e-37	c9	RPS21
1.49043740930222e-41	0.332606718531528	0.779	0.784	4.99862898331779e-37	c9	EIF3E
1.50302680906719e-41	0.541482853632249	0.71	0.69	5.04085131224955e-37	c9	YPEL5
3.53687794196028e-41	1.00208696520806	0.314	0.236	1.18619812417464e-36	c9	ZMYM2
4.30069490166111e-41	0.290179710504352	0.863	0.846	1.4423670561191e-36	c9	LIMD2
4.4590259144729e-40	0.846880285540819	0.355	0.275	1.49546811119592e-35	c9	TESPA1
5.84743081163664e-40	0.932355138357741	0.345	0.272	1.9611113456067e-35	c9	TNIK
6.56971063495306e-40	0.157168720226379	0.989	0.992	2.20334955275056e-35	c9	RPL10A
1.17976154836504e-38	0.682096526118275	0.497	0.45	3.95668428090667e-34	c9	TRAT1
1.26943797543053e-38	0.581712008975982	0.544	0.501	4.25744108199892e-34	c9	PSIP1
1.74963255356869e-38	0.672418620700463	0.539	0.467	5.86791765815866e-34	c9	ZNF331
1.34496786424279e-37	0.123267039794882	0.996	0.997	4.51075322309747e-33	c9	FAU
1.93528093588018e-36	0.397795140166153	0.709	0.688	6.49054520275495e-32	c9	RHOH
2.55908454511985e-36	0.523301241132283	0.56	0.53	8.58265774742296e-32	c9	SNRPN
4.33250843480355e-36	0.727225827131983	0.455	0.38	1.45303667886441e-31	c9	TIGIT
5.25325197044602e-36	0.696628698771557	0.438	0.379	1.76183564584819e-31	c9	CYTH1
6.70853678858334e-36	0.64035600182646	0.415	0.34	2.24990906815508e-31	c9	ICAM2
1.18166462131065e-35	0.360251175775381	0.747	0.757	3.96306680695165e-31	c9	HNRNPA0
2.94424192524562e-35	0.356630858144117	0.809	0.794	9.87439856888876e-31	c9	GIMAP7
3.16784431694236e-35	0.292163946450025	0.692	0.611	1.06243162701613e-30	c9	ITGB2
2.5063834051354e-34	0.224530658460357	0.984	0.99	8.40590866414311e-30	c9	RPS29
2.90580410628306e-34	0.178459948410699	0.975	0.981	9.74548581165214e-30	c9	RPL4
4.50675850331701e-34	0.651022678498748	0.483	0.433	1.51147666684246e-29	c9	GPRIN3
2.89632620955663e-33	0.137711660244562	0.982	0.993	9.71369884161101e-29	c9	UBA52
6.60205626681498e-33	0.284718377944859	0.774	0.765	2.21419763076441e-28	c9	CD44
9.51108227736398e-33	0.342948543267681	0.702	0.665	3.18982677418233e-28	c9	CD6
1.01770662773829e-32	0.524271748552834	0.554	0.52	3.41318448810867e-28	c9	EVI2B
1.23561223349439e-32	0.33186956453124	0.767	0.77	4.14399630869347e-28	c9	ZFAS1
3.06691161095068e-32	0.424210249364499	0.651	0.643	1.02858081608064e-27	c9	ELF1
9.65828936155016e-32	0.119972094086772	0.996	0.996	3.23919708607669e-27	c9	RPL6
1.50155002194579e-31	0.483601234313061	0.572	0.554	5.03589846360179e-27	c9	NDFIP1
1.70887697219761e-31	0.0984138232529999	0.999	0.998	5.73123158935634e-27	c9	RPL28
8.21501155703716e-31	0.438933634560805	0.631	0.629	2.75515057599912e-26	c9	RAP1A
9.28357907991415e-31	0.72215289798803	0.4	0.343	3.11352675182161e-26	c9	ARID5A
2.04647525133987e-30	0.650781753818201	0.431	0.379	6.86346869794366e-26	c9	JAK3
2.47766895451404e-30	0.336101174041998	0.727	0.728	8.30960613964918e-26	c9	TRAF3IP3
1.25234269981394e-29	0.464395462115482	0.621	0.604	4.200106946636e-25	c9	CDKN1B
1.5833451251694e-29	0.605619648383491	0.451	0.4	5.31022288079314e-25	c9	EPB41
2.59027540846436e-29	0.231206062711344	0.66	0.573	8.68726566490778e-25	c9	CD27
6.71811148395911e-29	0.570697272706911	0.503	0.472	2.25312022949021e-24	c9	SEMA4D
6.96858277906753e-29	0.303164419812381	0.775	0.749	2.33712329244367e-24	c9	GIMAP4
1.4266829870529e-28	0.17864028508081	0.732	0.588	4.78480940197801e-24	c9	KLRB1
3.09318727725697e-28	0.464057479217806	0.565	0.547	1.03739314904644e-23	c9	SH3KBP1
5.09123342121682e-28	0.644885780732873	0.444	0.405	1.7074978648077e-23	c9	MYCBP2
9.34506467255399e-28	0.66766744048167	0.421	0.379	3.13414778988116e-23	c9	VOPP1
4.78314611861185e-27	0.193795956614475	0.96	0.972	1.60417154526004e-22	c9	RPL38
3.61613536084184e-26	0.454354699652664	0.538	0.5	1.21277947731914e-21	c9	HSPB1
1.05885964312026e-24	0.117355162401783	0.994	0.995	3.55120347109672e-20	c9	RPL15
3.38270261227274e-24	0.0938222954189918	0.995	0.997	1.13449080210403e-19	c9	RPL26
3.68500952120813e-24	0.641466419608848	0.392	0.344	1.23587849322278e-19	c9	PRRC2B
4.07661018806531e-24	0.326805112629117	0.7	0.722	1.36721352487334e-19	c9	GPX4
4.53016982771382e-24	0.220807300440621	0.888	0.917	1.51932835681866e-19	c9	PCBP2
4.92653947849529e-24	0.3685923572806	0.464	0.4	1.65226281029775e-19	c9	AQP3
5.44847114058575e-24	0.414680675090584	0.604	0.603	1.82730825112965e-19	c9	NDUFV2
1.86579224683693e-23	0.367390719732428	0.697	0.71	6.25749403744171e-19	c9	STK4
2.03659694313889e-23	0.10983282272987	0.992	0.995	6.8303388278992e-19	c9	RACK1
9.15463249115491e-23	0.645405553840553	0.469	0.444	3.07028064488354e-18	c9	IKZF3
4.05163048453578e-22	0.349819406999408	0.627	0.644	1.35883583190361e-17	c9	ST13
4.34910545605154e-22	0.731250082633835	0.334	0.286	1.45860298785057e-17	c9	MTERF4
5.14470280922993e-22	0.0941750822806497	0.989	0.995	1.72543042815953e-17	c9	RPL17
7.06562696840171e-22	0.643775427863682	0.357	0.309	2.36966997266257e-17	c9	TRAF1
1.37203615411177e-21	0.532934925806792	0.465	0.442	4.60153485366006e-17	c9	SBDS
5.71666988453013e-21	0.54943405460975	0.518	0.504	1.91725674587372e-16	c9	DCXR
7.26902520457379e-21	0.101828851886323	0.997	0.998	2.43788567310996e-16	c9	RPS2
1.29338927594913e-20	0.717707736353611	0.325	0.277	4.3377689536782e-16	c9	CHD3
2.43316942393078e-20	0.681012105953028	0.371	0.336	8.16036361397907e-16	c9	STT3B
6.73725343621028e-20	0.402476073511975	0.573	0.568	2.2595400574362e-15	c9	ARGLU1
2.47167649109746e-19	0.569165763652417	0.394	0.354	8.28950861584268e-15	c9	PHF1
3.52260845348836e-19	0.205528016449489	0.857	0.895	1.18141242313093e-14	c9	RPS20
5.84183680281605e-19	0.552281995019397	0.453	0.433	1.95923522692845e-14	c9	ITK
8.46196511855176e-19	0.196055610882682	0.836	0.863	2.83797386145989e-14	c9	NOP53
1.97141717270789e-18	0.786157646337893	0.3	0.258	6.61173891382772e-14	c9	COA1
2.3279630990088e-18	0.0777637965553568	0.997	0.997	7.80752264145571e-14	c9	RPS7
3.22218090034513e-18	0.193609001153521	0.836	0.853	1.08065503035775e-13	c9	GPSM3
3.49855356789513e-18	0.606473753686103	0.445	0.423	1.17334489560067e-13	c9	RNF19A
1.00761290452372e-17	0.0952377492856855	0.98	0.984	3.37933215919165e-13	c9	PABPC1
1.39327660144772e-17	0.154444863332865	0.901	0.891	4.67277106593537e-13	c9	ZFP36L1
2.02119679837538e-17	0.573741902751384	0.405	0.385	6.77868982239136e-13	c9	CNIH1
2.42476917473819e-17	0.40753634022496	0.538	0.532	8.13219085823695e-13	c9	NAP1L4
4.13157647479684e-17	0.506018948985348	0.43	0.411	1.38564811811736e-12	c9	TGOLN2
4.1720424451815e-17	0.0875718804814998	0.991	0.995	1.39921959526497e-12	c9	RPL23A
7.06822422445795e-17	0.0772578620377837	0.994	0.996	2.37054104039871e-12	c9	RPL14
8.24896094437346e-17	0.308270381390253	0.635	0.641	2.76653652152397e-12	c9	RBMX
1.91729164605348e-16	0.622022293296779	0.311	0.27	6.43021272253415e-12	c9	CRTAP
2.01077424900472e-16	0.303753248889553	0.66	0.698	6.74373467631205e-12	c9	PEBP1
2.08461951154939e-16	0.294958281060857	0.964	0.98	6.99139691783433e-12	c9	SRGN
2.18768058523701e-16	0.566290450439545	0.367	0.339	7.33704314676789e-12	c9	ATP6V0E2
2.82229717249757e-16	0.504260411810708	0.416	0.393	9.46542025712235e-12	c9	LAPTM4A
6.66075764947046e-16	0.533433605247392	0.482	0.479	2.2338849004794e-11	c9	BCAS2
7.40628079342374e-16	0.528634092849732	0.494	0.474	2.48391845249845e-11	c9	SOCS1
9.98219100460899e-16	0.1307526626813	0.952	0.973	3.34782721912576e-11	c9	RPL31
1.1589683960084e-15	0.282494709667039	0.651	0.669	3.88694820653296e-11	c9	ZAP70
1.21633758528214e-15	0.545164312677224	0.376	0.348	4.07935299351925e-11	c9	CCM2
1.5808364796105e-15	0.549709652450941	0.373	0.342	5.30180938531771e-11	c9	P2RY10
3.07046692691538e-15	0.428954867061049	0.524	0.537	1.02977319794888e-10	c9	SNX6
3.29020983819555e-15	0.10735416378821	0.995	0.998	1.10347057553403e-10	c9	EIF1
3.89628097775588e-15	0.651735484293934	0.305	0.267	1.30673471431977e-10	c9	MALT1
4.83371118215309e-15	0.193934569577996	0.961	0.967	1.6211300562705e-10	c9	ZFP36L2
7.98108755734524e-15	0.48087718058375	0.476	0.464	2.67669714498245e-10	c9	YPEL3
9.73532271074821e-15	0.173721046159012	0.827	0.867	3.26503253073073e-10	c9	EIF3F
1.23984430007125e-14	0.0697187106724098	0.997	0.997	4.15818981357897e-10	c9	RPL7A
2.51779718927611e-14	0.217932975866999	0.751	0.786	8.44418821339421e-10	c9	EIF3L
2.6167640961789e-14	0.582020245229173	0.325	0.291	8.77610342576478e-10	c9	PABPC4
2.68658906697672e-14	0.471788262528492	0.481	0.477	9.01028241282653e-10	c9	GCC2
3.58707104027007e-14	0.247818929931138	0.671	0.706	1.20303188548578e-09	c9	CUTA
5.39965398542538e-14	0.136537533064237	0.938	0.96	1.81093595363196e-09	c9	RPS11
7.56050157083527e-14	0.344862349585179	0.575	0.586	2.53564101682673e-09	c9	AKAP13
1.21515609255447e-13	0.322519021939805	0.582	0.593	4.07539050320919e-09	c9	EML4
1.50037727751681e-13	0.484880139711208	0.446	0.439	5.03196531333587e-09	c9	RABGAP1L
1.88915545933797e-13	0.144063696856919	0.924	0.952	6.33584957952767e-09	c9	COX7C
2.29189525764559e-13	0.419958526652697	0.478	0.481	7.68655831509179e-09	c9	ABHD14B
3.45672247480226e-13	0.469334596595388	0.377	0.345	1.15931558359918e-08	c9	CD82
4.74499260813251e-13	0.609905262318874	0.393	0.387	1.59137562091548e-08	c9	VMP1
5.36103140499825e-13	0.272481352974361	0.785	0.825	1.79798271260831e-08	c9	SOD1
5.73139184570524e-13	0.552828479497622	0.381	0.37	1.92219419721262e-08	c9	CRLF3
7.29014284079266e-13	0.171496529841059	0.828	0.886	2.44496810594504e-08	c9	SKP1
9.18108100458942e-13	0.365202829198372	0.554	0.572	3.0791509473192e-08	c9	EPC1
9.78129358832803e-13	0.526091279534662	0.396	0.373	3.28045024365346e-08	c9	SH2D1A
1.02092495311056e-12	0.568831497057483	0.363	0.345	3.42397810774221e-08	c9	NKTR
1.57161627811756e-12	0.382302264605894	0.52	0.532	5.27088667355066e-08	c9	MPHOSPH8
2.04130960536582e-12	0.429980863199905	0.463	0.461	6.84614415447589e-08	c9	CYLD
2.29237670492262e-12	0.116889674914679	0.988	0.994	7.68817299296947e-08	c9	RPL41
3.14552963484865e-12	0.184429630239919	0.799	0.819	1.05494772893554e-07	c9	HMGN1
4.14491517194882e-12	0.363279077663987	0.582	0.609	1.39012165036819e-07	c9	IKZF1
6.12439830854506e-12	0.20477650821254	0.791	0.819	2.05400070471984e-07	c9	MBNL1
7.6712928472977e-12	0.272104874959045	0.596	0.615	2.5727981951267e-07	c9	TECR
9.03106996540592e-12	0.405789620968525	0.439	0.425	3.02884024499784e-07	c9	LY9
1.02462252165181e-11	0.593457281784587	0.314	0.289	3.43637901311584e-07	c9	SYNE1
1.57640929303036e-11	0.607036255169319	0.358	0.341	5.28696148696522e-07	c9	CTSA
1.58446062312791e-11	0.416406159957075	0.444	0.446	5.31396403784639e-07	c9	ALKBH7
1.82478579620362e-11	0.581379525578521	0.337	0.318	6.11996660330769e-07	c9	C6orf48
1.93614131342247e-11	0.268917633440355	0.615	0.642	6.49343073695629e-07	c9	RHOG
2.6628778303241e-11	0.288517111498947	0.575	0.568	8.93075966734098e-07	c9	RPS4Y1
6.68757158592998e-11	0.486987451475207	0.426	0.424	2.2428777584892e-06	c9	CHD2
8.90515286882141e-11	0.192556721275952	0.753	0.794	2.98661016914533e-06	c9	SEPT9
8.94071403427885e-11	0.400132764084113	0.493	0.499	2.99853667281644e-06	c9	PRPF38B
1.00840695088965e-10	0.231139306928893	0.706	0.742	3.38199523189372e-06	c9	RBM39
2.80921007306487e-10	0.448732835424185	0.41	0.409	9.42152874304496e-06	c9	TMBIM4
3.60455850272125e-10	0.511237878914402	0.357	0.338	1.20889683064265e-05	c9	ADD3
4.67756102374748e-10	0.459845599988839	0.335	0.305	1.56876041614443e-05	c9	TSPYL2
5.18682038443729e-10	0.360659014050558	0.5	0.516	1.73955582053258e-05	c9	EIF2S3
5.49135828324043e-10	0.549334348779304	0.3	0.275	1.84169174103317e-05	c9	ADI1
5.64967199868719e-10	0.399709569387633	0.446	0.446	1.89478699491971e-05	c9	FAM107B
5.82963072997291e-10	0.503440675893063	0.387	0.38	1.95514155421832e-05	c9	HIF1A
7.2372701773301e-10	0.174082579649792	0.754	0.805	2.42723567207297e-05	c9	ATP6V0E1
8.26052419055527e-10	0.490216250037212	0.359	0.343	2.77041460302843e-05	c9	RILPL2
1.4961726813808e-09	0.332227295386484	0.505	0.515	5.01786393881492e-05	c9	ARID4B
1.82728243114585e-09	0.287880372152117	0.553	0.583	6.12833981757694e-05	c9	UBE2B
2.18342296844178e-09	0.44524080891226	0.389	0.386	7.32276395156005e-05	c9	HPCAL1
2.23008951285825e-09	0.496824871915418	0.306	0.282	7.479274208224e-05	c9	RBM38
3.21740254161897e-09	0.280706270756094	0.609	0.653	0.000107905246440817	c9	SELENOW
4.69536680723052e-09	0.376464803528125	0.51	0.526	0.000157473211980897	c9	NME3
1.28650001574101e-08	0.242682117357432	0.605	0.641	0.000431466375279221	c9	CHURC1
1.39396286053103e-08	0.00545344162504002	0.28	0.365	0.000467507264164897	c9	IRF3
2.03232291881991e-08	0.081322687329366	0.945	0.965	0.000681600460513821	c9	NPM1
2.0752397663141e-08	0.381261994941458	0.441	0.441	0.000695993912826424	c9	GPR174
2.49938413284105e-08	0.315496995944688	0.551	0.585	0.000838243450472232	c9	CCNL1
2.58934243327796e-08	0.28577090026551	0.562	0.581	0.000868413665272761	c9	CAMK4
2.9288739104869e-08	0.229902682641333	0.683	0.719	0.000982285732099095	c9	SFPQ
3.84310654626308e-08	0.477250530302826	0.341	0.328	0.00128890107348571	c9	SNHG7
4.04340166322191e-08	0.00264635312545902	0.267	0.351	0.00135607604981136	c9	SNW1
4.46921388807645e-08	0.253538832032005	0.589	0.627	0.00149888495378308	c9	DPP7
4.66161504644883e-08	0.461616601856604	0.375	0.374	0.00156341245427801	c9	PIAS1
5.1963618694853e-08	0.169399124453534	0.823	0.853	0.00174275584378798	c9	HNRNPDL
5.52429312232471e-08	0.498526617058049	0.347	0.341	0.00185273742736526	c9	PITHD1
5.85429381686721e-08	0.484967618465827	0.339	0.327	0.00196341306030093	c9	NMRK1
6.53146354163427e-08	0.0123470167402834	0.252	0.33	0.0021905222425933	c9	TOX4
7.31429365318667e-08	0.0780621801772741	0.97	0.981	0.00245306780540575	c9	EEF2
7.7258099842561e-08	0.348432047117204	0.464	0.49	0.00259108215251981	c9	EIF1B
1.13459612429679e-07	0.00294298032084939	0.262	0.341	0.00380520848166656	c9	NDUFC2
1.4320809081097e-07	0.240864729387508	0.618	0.639	0.0048029129496183	c9	SNHG8
1.46828556199191e-07	0.454941251221866	0.367	0.361	0.00492433611780848	c9	GIMAP5
1.54158088539517e-07	0.00412197012729132	0.241	0.311	0.00517015397343832	c9	ACAA1
2.09119887249742e-07	0.270400531478108	0.537	0.567	0.00701346277858183	c9	ZNF706
2.24316124620991e-07	0.0413176279838352	0.228	0.3	0.00752311418753879	c9	SAP30BP
3.06287613154888e-07	0.277414038047929	0.552	0.575	0.0102722739699886	c9	HP1BP3
3.62952763559389e-07	0.0202717034580655	0.248	0.322	0.0121727097842548	c9	HPS1
4.3371085565022e-07	0.0272354645629801	0.299	0.382	0.0145457946767971	c9	CCDC88C
4.37402018197544e-07	0.003087398322696	0.298	0.381	0.0146695888863092	c9	EIF2A
4.66234419448008e-07	0.262777951256356	0.57	0.604	0.0156365699594473	c9	ARHGAP15
5.25141358231693e-07	0.142065227137599	0.822	0.868	0.0176121908723745	c9	RPL36A
5.63760917826562e-07	0.015977436970239	0.255	0.327	0.0189074136620672	c9	ARL5A
6.47575949956594e-07	0.017620794699196	0.264	0.34	0.0217184022096442	c9	MLEC
6.80444169014793e-07	0.0282683684988985	0.262	0.336	0.0228207365404181	c9	ATG12
7.19950494536382e-07	0.185550289062812	0.689	0.726	0.0241456996857612	c9	H2AFZ
7.65779607761049e-07	0.0108840831671436	0.317	0.401	0.0256827164850901	c9	YY1
7.72091484657886e-07	0.0367232669833915	0.265	0.339	0.0258944042124562	c9	INO80E
7.98660676049991e-07	0.0959870947020183	0.856	0.899	0.0267854817533646	c9	DAZAP2
9.71464909039165e-07	0.184035116930572	0.552	0.702	0.0325809901193555	c9	C9orf16
1.00326595597363e-06	0.0366009746101376	0.273	0.349	0.0336475336314437	c9	PRKCSH
1.04144747590299e-06	0.0188413387483618	0.26	0.332	0.0349280654468343	c9	POLR2I
1.14303672291017e-06	0.265500529302784	0.457	0.453	0.0383351656129611	c9	LIME1
1.2037678745262e-06	0.0861345176239947	0.969	0.977	0.0403719669758596	c9	HNRNPA1
1.28496272868838e-06	0.0271128509069767	0.329	0.419	0.043095079994751	c9	RAB14
1.48100836185824e-06	0.0131318114143317	0.258	0.33	0.0496700584400017	c9	SCAMP3
