p_val	avg_log2FC	pct.1	pct.2	p_val_adj	cluster	gene
2.57927814751481e-139	2.75143894820663	1	1	8.65038305113517e-135	c15	MALAT1
1.98752530890144e-44	2.71552470721232	0.738	0.655	6.66576238099366e-40	c15	RNF213
7.39731041169405e-36	2.5357154997903	0.697	0.648	2.48090996587395e-31	c15	DDX17
3.45947079214055e-35	1.56468668160289	0.828	0.98	1.1602373142681e-30	c15	PTPRC
1.93486303030124e-32	3.40298212557391	0.629	0.481	6.4891436310243e-28	c15	NEAT1
2.59264730378922e-27	2.042044208328	0.674	0.675	8.69522052744829e-23	c15	RSRP1
4.12883466748885e-21	2.12626016952207	0.629	0.651	1.38472857078241e-16	c15	PNISR
7.49171000305725e-21	2.39272988425131	0.593	0.565	2.51256970082534e-16	c15	ARGLU1
6.61079520402349e-19	1.06545876899946	0.805	0.959	2.2171284955254e-14	c15	EVL
1.65363802486703e-18	0.00169286535714086	0.204	0.662	5.54597120779904e-14	c15	BUB3
1.96812878998522e-18	0.0557022156827686	0.186	0.619	6.60071033585242e-14	c15	SRSF3
6.86856360014001e-18	2.43904887691382	0.462	0.298	2.30357886021496e-13	c15	CTLA4
1.11635035613832e-17	0.0161108172690569	0.186	0.612	3.74401582441669e-13	c15	RNF167
5.07710527991023e-17	0.220505263118073	0.158	0.552	1.70275956877629e-12	c15	SCAND1
6.95046724528602e-17	1.69170675966116	0.633	0.731	2.33104770472403e-12	c15	RBM39
1.0918791253563e-16	0.129273661798907	0.086	0.407	3.66194421061997e-12	c15	STXBP2
2.12520198288178e-16	0.0122862118665534	0.294	0.812	7.12750241018891e-12	c15	ATP6V0E1
2.51130574916066e-16	0.0845009852639486	0.104	0.437	8.42241722153501e-12	c15	CCT2
3.98746381151933e-16	0.0371396631776368	0.122	0.468	1.33731561310735e-11	c15	GTF2B
4.36313704969067e-16	0.0294955428360084	0.172	0.562	1.46330890372526e-11	c15	TSC22D4
1.06710925429466e-15	0.17274541878736	0.181	0.574	3.57887101705342e-11	c15	TMEM123
1.48280335934644e-15	0.311452405580552	0.113	0.444	4.97302590657608e-11	c15	EIF1AX
1.82889826350575e-15	0.282461660773318	0.195	0.607	6.13375899614558e-11	c15	SRRM1
4.71795421464653e-15	0.235536296200433	0.145	0.5	1.58230748450815e-10	c15	PAPOLA
6.57970223527633e-15	0.291448929240535	0.14	0.49	2.20670053566698e-10	c15	ZC3H15
6.92938914916712e-15	0.0263958043491034	0.136	0.477	2.32397853284767e-10	c15	IK
7.43650623208746e-15	0.0118752122276623	0.113	0.435	2.49405546011749e-10	c15	UQCRC1
7.73211686894255e-15	0.0162313611294354	0.118	0.442	2.59319735550595e-10	c15	DBNL
1.15095731556527e-14	0.0878548225757571	0.158	0.517	3.8600806449428e-10	c15	TAF7
1.27609281409686e-14	0.090193833772396	0.231	0.659	4.27976007991804e-10	c15	CSK
1.32882271401131e-14	0.107702876461646	0.081	0.369	4.45660561825114e-10	c15	FLOT1
1.43102992385421e-14	0.0305347988450344	0.249	0.695	4.79938815862224e-10	c15	ANXA6
1.70656547685787e-14	0.16345814485374	0.118	0.439	5.72347929628591e-10	c15	PSMD13
1.87251992474474e-14	0.136946182828328	0.122	0.446	6.28005732360891e-10	c15	COPS6
1.97635650839946e-14	0.15841081464167	0.09	0.385	6.62830445787011e-10	c15	SH3GLB1
2.32567320835349e-14	0.187631542309393	0.131	0.462	7.79984280617595e-10	c15	ARF4
2.85565157175248e-14	0.00263250509099228	0.104	0.409	9.57728424134347e-10	c15	MMP24OS
3.01213721301414e-14	0.246648048474096	0.086	0.374	1.01021057850068e-09	c15	RAB6A
3.27085853197015e-14	0.24410727250935	0.208	0.606	1.09698053445215e-09	c15	TNFAIP8
4.15244265489259e-14	0.0307722921297917	0.167	0.529	1.39264621759788e-09	c15	HNRNPR
4.69777863614829e-14	0.139764147404828	0.249	0.687	1.57554099899141e-09	c15	SQSTM1
4.77255033766778e-14	2.89364311177672	0.416	0.301	1.60061793224702e-09	c15	GOLGA8B
4.7985357285893e-14	0.132166594136406	0.113	0.422	1.60933291265428e-09	c15	XRN2
5.38334339516927e-14	0.0360362240607269	0.1	0.396	1.80546570787187e-09	c15	PRPF6
6.75511532641325e-14	0.239473977023684	0.145	0.482	2.26553057817247e-09	c15	DDX18
7.32037417335348e-14	0.0289918965909501	0.176	0.546	2.45510709025929e-09	c15	SNX6
7.86068933481174e-14	0.0287644434254187	0.199	0.581	2.63631798910916e-09	c15	HSPD1
8.23710702198308e-14	2.26025590898618	0.606	0.661	2.76256095303269e-09	c15	SAT1
8.89530186766664e-14	0.188815291959232	0.249	0.693	2.98330634037804e-09	c15	WAS
8.98135101245427e-14	2.5775924655143	0.484	0.422	3.01216550255691e-09	c15	MACF1
9.23305876431542e-14	0.209789141179511	0.113	0.419	3.09658324837611e-09	c15	CCDC12
9.5196037614186e-14	2.03966349599721	0.579	0.647	3.19268470950457e-09	c15	N4BP2L2
1.14434815360848e-13	0.355011095380855	0.163	0.511	3.83791483757211e-09	c15	PSIP1
1.21831326128253e-13	0.141238355415649	0.154	0.495	4.08597901568934e-09	c15	WTAP
1.30624412015881e-13	0.0519034757418601	0.244	0.678	4.38088153018863e-09	c15	TMEM50A
1.71038788930103e-13	0.0321010545238596	0.348	0.803	5.73629890313779e-09	c15	PPP1R15A
1.76084051528493e-13	0.154355211038079	0.294	0.732	5.90550692016259e-09	c15	PTGER4
1.80877633090915e-13	0.0177449129979945	0.095	0.38	6.06627405860312e-09	c15	TMUB1
1.85781963598706e-13	0.767745079347915	0.81	0.992	6.23075549517339e-09	c15	SARAF
1.85906368789043e-13	0.258686994615767	0.167	0.52	6.23492779644691e-09	c15	MAX
1.92429999284488e-13	0.0163299141694591	0.24	0.659	6.45371731600317e-09	c15	BST2
2.2019884672861e-13	0.0776570642687225	0.149	0.482	7.38502892158412e-09	c15	CNPY3
2.26708770676467e-13	0.411179296232625	0.122	0.431	7.60335875094737e-09	c15	ENY2
2.36033569600242e-13	0.192059598797426	0.118	0.422	7.91609385725292e-09	c15	PCMT1
2.38045251239028e-13	0.114131362815438	0.281	0.748	7.98356163605452e-09	c15	TMEM59
2.39572339360732e-13	0.060009407560867	0.068	0.327	8.03477711748024e-09	c15	MLX
2.49534244213023e-13	0.207685256592617	0.081	0.352	8.36887948241637e-09	c15	TXNDC12
2.66829093874043e-13	0.111130398224987	0.167	0.513	8.94891415034765e-09	c15	MCUB
2.6722641463573e-13	0.053209342844352	0.118	0.42	8.96223949405312e-09	c15	GNAI2
2.74839400116933e-13	0.212015228639163	0.24	0.662	9.21756380112169e-09	c15	REX1BD
2.94433569708391e-13	0.134928412790119	0.122	0.428	9.87471306088001e-09	c15	RBM17
3.07267596570265e-13	0.0277075549912412	0.063	0.317	1.03051406537735e-08	c15	COPS3
3.14203047436269e-13	0.0661595094756455	0.235	0.649	1.05377418049176e-08	c15	SASH3
3.31224019608322e-13	0.200909352245424	0.09	0.368	1.11085911696239e-08	c15	OGFR
3.68581115753161e-13	0.465445839112994	0.235	0.657	1.23614734601295e-08	c15	EMD
3.7237368474971e-13	0.247455162161555	0.154	0.488	1.24886686391358e-08	c15	SSB
3.75273267353631e-13	0.114261828004576	0.095	0.375	1.25859148405061e-08	c15	CNPPD1
3.84162561342618e-13	0.119209950595962	0.154	0.488	1.28840439823087e-08	c15	RBM4
4.52057892792094e-13	0.0675087700412503	0.176	0.526	1.51611176084613e-08	c15	CASP4
4.73081435239848e-13	0.148965078900849	0.294	0.767	1.5866205175074e-08	c15	EIF4G2
5.30795158059551e-13	0.124943980908119	0.14	0.454	1.78018080110012e-08	c15	APOBEC3G
5.50855854089874e-13	1.6295224381192	0.62	0.766	1.84746036344662e-08	c15	ACAP1
5.62797207645696e-13	0.0406109170118292	0.086	0.356	1.88750927500214e-08	c15	RSU1
6.14566789883402e-13	0.065011061013722	0.136	0.446	2.06113409991095e-08	c15	PHF20
6.2241932241736e-13	0.0316016671643097	0.086	0.355	2.08746992352334e-08	c15	AKIRIN2
6.32715576327816e-13	0.0616596856041837	0.158	0.491	2.12200149988823e-08	c15	SF3A1
6.8502669795943e-13	0.170636048788504	0.086	0.355	2.29744253961634e-08	c15	SNRNP40
7.16636070167336e-13	0.79062636715189	0.819	0.977	2.40345405212721e-08	c15	DDX5
7.17964147080108e-13	0.497123102815804	0.149	0.476	2.40790815647727e-08	c15	PNRC2
7.42646730780699e-13	0.203129634726873	0.154	0.483	2.49068860569231e-08	c15	OXA1L
7.49365740275851e-13	0.166996727489952	0.113	0.403	2.51322281973715e-08	c15	HMGN3
9.30386274610014e-13	0.231200469778185	0.122	0.422	3.12032948778706e-08	c15	RAB14
9.54518741720505e-13	0.261422954502925	0.118	0.412	3.20126495598223e-08	c15	TMEM243
9.92611770292363e-13	0.316436795266004	0.253	0.686	3.32902135520653e-08	c15	VPS28
1.01498164524034e-12	0.207014095789515	0.231	0.635	3.40404544180707e-08	c15	SPCS2
1.03220546072959e-12	0.146320347230739	0.217	0.598	3.46181067419492e-08	c15	ARL4C
1.13321829835439e-12	0.25337092084385	0.149	0.472	3.80058752902095e-08	c15	RGS14
1.21180019655338e-12	2.66106507213239	0.38	0.255	4.06413549920073e-08	c15	CD38
1.25506297383782e-12	0.0293695396949336	0.154	0.479	4.20923020165727e-08	c15	TMED9
1.33859207896221e-12	0.300206933863321	0.14	0.454	4.48937011442347e-08	c15	REST
1.42511830276054e-12	0.314295325892241	0.154	0.479	4.77956176379828e-08	c15	SSR1
1.55906829854384e-12	0.227000452492495	0.195	0.558	5.22880325965634e-08	c15	PRKAR1A
1.71545873890601e-12	0.195223773380653	0.068	0.315	5.75330551854298e-08	c15	CHCHD7
1.71978893435787e-12	0.189292810668505	0.113	0.4	5.76782812804942e-08	c15	AKIRIN1
1.7448312884148e-12	0.344271364353735	0.167	0.506	5.85181517508557e-08	c15	RBMS1
1.82199666470532e-12	1.42336846173582	0.643	0.818	6.11061241408869e-08	c15	MBNL1
1.93035206009112e-12	0.0240840746680794	0.1	0.373	6.47401473913358e-08	c15	UGP2
1.98446764548417e-12	0.236043943858389	0.158	0.486	6.65550758942481e-08	c15	RER1
2.07141052437937e-12	0.22836272741215	0.149	0.468	6.94709661666352e-08	c15	RBBP4
2.15392767063484e-12	0.183659146366879	0.1	0.372	7.22384262177513e-08	c15	PSMD2
2.20755759303379e-12	0.220776284930826	0.086	0.346	7.40370665551673e-08	c15	MATK
2.22818458180603e-12	0.306469239455222	0.095	0.364	7.47288545046105e-08	c15	AHSA1
2.69304719532098e-12	0.0434125357383192	0.231	0.626	9.03194168366749e-08	c15	XRCC5
2.816321619345e-12	0.513788932909464	0.122	0.414	9.44537944695926e-08	c15	KRAS
2.92928710929372e-12	0.401813901887278	0.14	0.45	9.82424310714928e-08	c15	NOP58
3.09967618787786e-12	0.0407357177679453	0.095	0.361	1.03956939989048e-07	c15	GNAI3
3.17907706921263e-12	0.282067708319833	0.104	0.378	1.06619886747253e-07	c15	SNX5
3.59045355935244e-12	0.0992631458688655	0.077	0.327	1.20416631473562e-07	c15	SQOR
3.74823108460396e-12	0.154415285987037	0.154	0.471	1.25708174115448e-07	c15	PARP1
3.76777712802133e-12	0.247254938357886	0.104	0.377	1.26363709319579e-07	c15	CNOT2
3.83610204896452e-12	0.0487988067104819	0.136	0.436	1.28655190518172e-07	c15	WASF2
3.97583179675e-12	0.23343801691311	0.118	0.403	1.33341446799401e-07	c15	PPCS
4.08458405544644e-12	0.124987617723189	0.104	0.377	1.36988780051563e-07	c15	NUDT5
4.18323003957441e-12	0.120228120519722	0.167	0.499	1.40297169067247e-07	c15	ATP6AP2
4.20833192606214e-12	0.300890405003035	0.118	0.402	1.41139036136272e-07	c15	CPNE1
4.27740951763919e-12	0.123074447456128	0.176	0.516	1.43455760402583e-07	c15	SDHD
5.25456174827622e-12	0.294454332144628	0.176	0.516	1.76227491913688e-07	c15	FGFR1OP2
5.46568557141695e-12	0.336152799024946	0.163	0.487	1.83308162694182e-07	c15	DYNLT1
5.72522135937575e-12	0.0680828246850331	0.199	0.544	1.92012473950744e-07	c15	TPM4
5.89220649383283e-12	0.365858750192222	0.213	0.585	1.97612821390165e-07	c15	UBE2B
6.11009483844632e-12	0.162189160458833	0.24	0.639	2.04920360691813e-07	c15	BSG
6.33037832557741e-12	0.150211322584845	0.127	0.417	2.12308228283215e-07	c15	UBA2
6.41839885248206e-12	0.35711899219893	0.163	0.486	2.15260260714543e-07	c15	UQCRC2
7.37946004491824e-12	1.44520343972548	0.624	0.796	2.47492330986468e-07	c15	FUS
7.75308292252771e-12	0.0637217517553862	0.077	0.322	2.60022895055734e-07	c15	RRP7A
7.76197034360531e-12	0.256042895550111	0.122	0.406	2.60320961383835e-07	c15	DDX21
8.00895464538659e-12	0.0578576778888777	0.086	0.338	2.68604320896975e-07	c15	CDC123
8.51126868703344e-12	0.32676407238555	0.113	0.389	2.85450929225727e-07	c15	FBXW5
9.44113500847630e-12	0.127628409181309	0.19	0.535	3.16636785914278e-07	c15	RAD21
1.23041512037005e-11	0.407348347418615	0.199	0.55	4.12656623069709e-07	c15	ATP1A1
1.25704240791143e-11	0.0596793168982711	0.072	0.311	4.21586882765335e-07	c15	CAPN1
1.25924098877395e-11	0.510224683458087	0.122	0.404	4.22324242815008e-07	c15	OSBPL8
1.26205702374116e-11	0.0819344042384855	0.095	0.352	4.23268684622312e-07	c15	IDH3G
1.31768640401192e-11	0.194885229130392	0.122	0.4	4.41925666177518e-07	c15	AC243960.1
1.35319200870782e-11	0.196935090429269	0.127	0.412	4.5383353588043e-07	c15	MFF
1.39054968930102e-11	0.198689586344445	0.253	0.655	4.66362554797776e-07	c15	LBH
1.7047331819772e-11	0.0450534505264664	0.072	0.308	5.71733414571514e-07	c15	HDLBP
1.75109387552781e-11	0.0898498309371484	0.081	0.325	5.87281863974516e-07	c15	ZFR
1.80408004170757e-11	0.384680483262405	0.095	0.35	6.05052364387885e-07	c15	RNF10
1.82605992622333e-11	0.219732733073337	0.113	0.384	6.1242397805678e-07	c15	TEX264
1.94083318809367e-11	0.317531590074185	0.226	0.603	6.50916634622856e-07	c15	POLD4
1.97105777701492e-11	0.231451006862478	0.208	0.559	6.61053357255264e-07	c15	SIRPG
2.03661988055621e-11	0.123398852166135	0.217	0.583	6.83041575540942e-07	c15	TMED10
2.16929388268903e-11	0.437757562480247	0.145	0.444	7.27537782376246e-07	c15	FLI1
2.33280536307556e-11	0.190576711976962	0.086	0.331	7.8237626266828e-07	c15	SND1
2.39885155271531e-11	0.327909251452578	0.136	0.425	8.0452683374966e-07	c15	KIF2A
2.66367390300428e-11	0.21988563214348	0.204	0.547	8.93342953589575e-07	c15	TTC39C
2.81751228037296e-11	0.274628791534925	0.077	0.313	9.44937268591483e-07	c15	WDR82
3.09650846519792e-11	0.229589849917612	0.217	0.587	1.03850700905808e-06	c15	TUFM
3.14543479744379e-11	0.379730506487495	0.086	0.33	1.0549159223667e-06	c15	AMZ2
3.31104294329071e-11	0.145822795544311	0.19	0.527	1.11045758232084e-06	c15	FERMT3
3.58971929009863e-11	0.302954526703115	0.176	0.502	1.20392005551328e-06	c15	C1orf43
3.63591613271793e-11	0.387212438187058	0.109	0.371	1.21941355259094e-06	c15	TINF2
3.74391653894586e-11	0.405363880760178	0.167	0.482	1.25563472883166e-06	c15	TGFB1
4.11122927372424e-11	0.0240586423708876	0.077	0.31	1.37882407382163e-06	c15	STARD7
4.3141134598168e-11	0.473713390398515	0.249	0.65	1.44686737215336e-06	c15	GNAS
4.35453511427652e-11	0.120472471355051	0.145	0.438	1.46042398662606e-06	c15	MYDGF
4.37570937007259e-11	0.269886087340913	0.095	0.344	1.46752540853495e-06	c15	FDPS
4.56546826115212e-11	0.59510731576294	0.163	0.474	1.5311667454252e-06	c15	EIF4A1
4.74938880360755e-11	0.171507377104759	0.113	0.376	1.5928500169539e-06	c15	VOPP1
4.88820278453002e-11	0.120372771431355	0.081	0.318	1.63940544987568e-06	c15	UBE2G1
5.03036017000135e-11	0.286627972526884	0.113	0.376	1.68708219381505e-06	c15	RCAN3
5.12025312960944e-11	0.0264376922783204	0.086	0.326	1.71723049460841e-06	c15	SYNCRIP
5.22687019795199e-11	0.212890879700594	0.167	0.48	1.75298772698914e-06	c15	HNRNPH3
5.40767466023173e-11	0.306274428972984	0.19	0.525	1.81362592754852e-06	c15	SF3A2
5.41096821621776e-11	0.187011076801333	0.086	0.326	1.81473052035511e-06	c15	AAMP
5.49535395779696e-11	0.26282034835356	0.09	0.334	1.84303181036594e-06	c15	EPRS
5.51681145988426e-11	0.183162675323177	0.267	0.68	1.85022822741598e-06	c15	BCAP31
5.77004518799676e-11	0.189113565347886	0.072	0.3	1.93515775515035e-06	c15	NELFE
5.96129439172914e-11	0.27646273746818	0.081	0.317	1.99929891309812e-06	c15	ZFAND2B
6.266724661485e-11	0.511836551357074	0.14	0.427	2.10173411696884e-06	c15	CHST12
6.29706096322689e-11	0.114336780686604	0.104	0.359	2.11190830584704e-06	c15	NAXE
6.29814527378065e-11	0.339928096884149	0.217	0.579	2.11227196192055e-06	c15	MATR3.1
6.65006135168869e-11	0.386455343314077	0.122	0.391	2.23029757612935e-06	c15	MAT2A
6.82383215953995e-11	0.242882698481072	0.086	0.325	2.28857682966651e-06	c15	DNTTIP2
7.13536503063375e-11	0.101031778600754	0.081	0.316	2.39305872397395e-06	c15	U2AF2
7.23403286152566e-11	0.435061771010021	0.231	0.605	2.42614994109847e-06	c15	SEC62
7.45434360285048e-11	0.391592265005651	0.176	0.498	2.50003775752399e-06	c15	GRB2
7.95458644568566e-11	0.395951241019515	0.181	0.505	2.66780920215406e-06	c15	NUCB1
8.20572156695927e-11	0.108230312818193	0.24	0.622	2.7520348991268e-06	c15	REEP5
9.01424504482314e-11	0.136829223066492	0.086	0.322	3.02319750313278e-06	c15	SURF1
9.54228049226145e-11	0.0733460222991986	0.303	0.725	3.20029003149464e-06	c15	HSPE1
9.58720161909496e-11	0.533312238036844	0.253	0.653	3.21535567901207e-06	c15	CDC42SE2
1.00819965838015e-10	0.473132128641072	0.222	0.587	3.38130001427533e-06	c15	PAK2
1.03039500280935e-10	0.229902642501029	0.095	0.338	3.45573876042198e-06	c15	INO80E
1.0763539034288e-10	0.14895195290771	0.09	0.329	3.60987572131953e-06	c15	MAGED2
1.08876116311931e-10	0.774656111360289	0.792	0.994	3.65148718886954e-06	c15	HLA-E
1.12437320063286e-10	0.309855329081904	0.136	0.412	3.77092284028248e-06	c15	DDX39A
1.14460116425956e-10	0.363281932973332	0.222	0.584	3.83876338469371e-06	c15	LAMP1
1.17095016639636e-10	0.428963874135124	0.081	0.312	3.9271326680601e-06	c15	MOB3A
1.30354474612477e-10	0.338212853339119	0.253	0.645	4.37182836955326e-06	c15	RBMX
1.3165068281492e-10	0.30324734226094	0.086	0.32	4.41530060024677e-06	c15	ATP6V0D1
1.39843929961759e-10	0.0424148152702903	0.403	0.783	4.69008572305747e-06	c15	CXCR4
1.42777650353724e-10	0.359299556367208	0.122	0.387	4.7884768375632e-06	c15	ABI1
1.4304936505534e-10	0.228502590911899	0.109	0.358	4.79758960522598e-06	c15	PIM3
1.63802979298903e-10	0.129438758617998	0.118	0.377	5.49362431972661e-06	c15	RAB10
1.65773268853221e-10	0.181733195093508	0.081	0.31	5.55970389079932e-06	c15	AKR1A1
1.66906684698829e-10	0.161701030496206	0.077	0.302	5.59771639142933e-06	c15	SHARPIN
1.85397030592692e-10	0.248371527653717	0.118	0.374	6.2178456120177e-06	c15	RNF139
1.8671047950239e-10	0.443608123649215	0.081	0.308	6.26189606155115e-06	c15	PABPC4
1.94101969190514e-10	0.00839376805699377	0.086	0.317	6.50979184271146e-06	c15	YIPF3
1.97714739592045e-10	0.465326255329204	0.158	0.454	6.63095693643801e-06	c15	MED10
1.98402336288432e-10	0.511034333487537	0.186	0.507	6.65401755444145e-06	c15	HSPA9
2.15260887392723e-10	0.46155592696886	0.204	0.547	7.21941964137715e-06	c15	PSMA1
2.30779462351847e-10	0.310029341141264	0.104	0.348	7.73988160835623e-06	c15	NASP
2.46008083711804e-10	0.235693143423013	0.199	0.53	8.25061911152647e-06	c15	SYNGR2
2.47112926017991e-10	0.382526565545297	0.176	0.485	8.28767331279139e-06	c15	OPTN
2.55592175091239e-10	0.520786080933561	0.09	0.324	8.57205036820998e-06	c15	NDUFA10
2.62868309102157e-10	0.294412880161353	0.131	0.4	8.81607735066813e-06	c15	DEGS1
2.6547226516328e-10	0.330054008878043	0.095	0.332	8.90340882904609e-06	c15	HAGH
2.6739386124241e-10	0.485036532238011	0.131	0.399	8.96785531834793e-06	c15	ZFAND5
2.93306280519627e-10	0.346046075690847	0.249	0.613	9.83690603606724e-06	c15	SCML4
2.9783332435681e-10	0.542328440897825	0.127	0.391	9.98873403227868e-06	c15	FNTA
3.05004424262041e-10	0.285191685568453	0.104	0.346	1.02292383809003e-05	c15	SIAH2
3.16981318688542e-10	0.126172315168168	0.109	0.355	1.06309194661763e-05	c15	SFT2D1
3.18799210258858e-10	0.3555002708333	0.154	0.441	1.06918879136616e-05	c15	VPS29
3.26374205575642e-10	0.404903800732605	0.109	0.353	1.09459381065959e-05	c15	SLA2
3.44589312724668e-10	0.416154621491465	0.235	0.6	1.15568363701599e-05	c15	TRAM1
3.87396057888444e-10	0.38405560288131	0.154	0.44	1.29924889894626e-05	c15	CASP1
4.33710056317799e-10	0.318488518302238	0.154	0.439	1.45457678687864e-05	c15	TMEM35B
4.44321196282327e-10	0.209541997973659	0.081	0.303	1.49016442809167e-05	c15	STX10
4.479595857388e-10	0.404600815757342	0.095	0.328	1.50236685865079e-05	c15	TOX4
4.74572289593532e-10	0.594678486423918	0.1	0.336	1.59162054483879e-05	c15	GTF2F1
4.76155414661013e-10	0.425051304635119	0.081	0.303	1.59693002969011e-05	c15	DUSP11
4.79160408472607e-10	0.327190725818727	0.199	0.523	1.60700817793543e-05	c15	EVI2B
4.90657135733179e-10	0.18598087822024	0.122	0.376	1.64556590182193e-05	c15	SDF2L1
5.03329596820844e-10	0.274808955129767	0.19	0.497	1.68806680181775e-05	c15	PIK3R1
5.26800689051104e-10	0.249926998332279	0.081	0.302	1.76678415093959e-05	c15	CCSER2
5.35839898348172e-10	0.299674861022156	0.086	0.31	1.7970998510801e-05	c15	CWC15
5.44012348561848e-10	0.397589255220823	0.109	0.352	1.82450861460673e-05	c15	FXR1
5.72490819966528e-10	0.43421687174629	0.109	0.351	1.92001971200374e-05	c15	STIP1
5.8873059904228e-10	0.285661435108136	0.176	0.474	1.974484683068e-05	c15	LIMS1
5.9887085463186e-10	0.163317625629513	0.204	0.532	2.00849307226433e-05	c15	NONO
6.07693036307907e-10	0.367290773933049	0.095	0.326	2.03808090516946e-05	c15	SPG21
6.29064000634351e-10	0.074248554460262	0.086	0.308	2.10975484532749e-05	c15	ADA
6.40546958204069e-10	0.471543483384824	0.09	0.317	2.14826638842481e-05	c15	POP5
6.59665975685824e-10	0.098437741255192	0.081	0.3	2.21238774925512e-05	c15	APEH
7.00495375513123e-10	0.260526489151388	0.109	0.348	2.34932139039591e-05	c15	RASSF1
8.65862636119154e-10	0.35535799808538	0.104	0.34	2.90393010901642e-05	c15	DENR
8.76840758811183e-10	0.549398889684643	0.127	0.382	2.94074853690095e-05	c15	ZNF24
8.88978957476541e-10	0.485723157323093	0.09	0.315	2.98145762758482e-05	c15	RPL7L1
9.26708547454711e-10	0.451898032213027	0.14	0.408	3.10799512645361e-05	c15	FDFT1
9.75549918770139e-10	0.347000579176339	0.09	0.314	3.27179931757129e-05	c15	SRSF8
9.77958559041705e-10	0.247240871851582	0.109	0.347	3.27987741531407e-05	c15	SMIM7
1.10551540541965e-09	0.427655702405804	0.149	0.421	3.70767756669642e-05	c15	TOP1
1.13357806534012e-09	0.445238859587922	0.163	0.448	3.80179411553769e-05	c15	SPCS3
1.13475021991083e-09	0.304637764517763	0.19	0.499	3.80572528753694e-05	c15	LRP10
1.17075709477225e-09	0.417045852129692	0.095	0.321	3.92648514444717e-05	c15	BAG6
1.17967138667589e-09	2.53126914777581	0.425	0.374	3.95638189663361e-05	c15	JAK3
1.21329412778928e-09	0.334857888350016	0.095	0.321	4.06914584577968e-05	c15	VPS4B
1.37202069029147e-09	0.545046879475465	0.109	0.345	4.60148299109955e-05	c15	MAPK1
1.44537170622756e-09	0.55983031295866	0.222	0.561	4.84748762834599e-05	c15	JUND
1.4953173321827e-09	0.62901567136094	0.158	0.438	5.01499526867433e-05	c15	MVP
1.55882924094393e-09	0.408536463607837	0.19	0.499	5.22800150827774e-05	c15	RAB11B
1.86593190669652e-09	0.372006510204957	0.167	0.453	6.25796242867879e-05	c15	RBCK1
1.91780547565467e-09	0.492706223403894	0.163	0.446	6.43193600425063e-05	c15	RTN4
1.97903434099901e-09	0.0608487375511869	0.109	0.34	6.63728537284247e-05	c15	NUB1
1.99443502621998e-09	0.686677370920183	0.176	0.469	6.68893619093656e-05	c15	UBAC2
2.14085368617639e-09	0.560031878093939	0.122	0.366	7.17999509269838e-05	c15	RNF166
2.1943971207753e-09	0.585464007731151	0.113	0.35	7.35956906365619e-05	c15	DARS
2.20407885950397e-09	0.388425511443129	0.104	0.333	7.39203967900442e-05	c15	ATG12
2.33119535060829e-09	0.462096303503512	0.213	0.539	7.81836296687008e-05	c15	CAST
2.47954010396383e-09	0.339711031078936	0.149	0.417	8.31588160067389e-05	c15	MFSD10
2.63545187402875e-09	0.614987928072165	0.145	0.408	8.83877849511763e-05	c15	SMAP1
2.73285048980399e-09	0.237134233962302	0.122	0.365	9.16543397270461e-05	c15	EMC7
3.00942908595091e-09	0.499071782411969	0.271	0.663	0.000100930232684622	c15	SF3B2
3.23186990167854e-09	0.45867604405315	0.127	0.372	0.000108390452762495	c15	EMC10
3.27540980201821e-09	0.152028960275649	0.235	0.567	0.000109850693940087	c15	IL2RB
3.30438719713740e-09	0.473438822513738	0.113	0.346	0.000110822537817594	c15	ARIH2
3.31292108593536e-09	0.589301783812427	0.204	0.523	0.0001111087473801	c15	PPIG
3.33917619143867e-09	0.252108034518849	0.095	0.313	0.00011198929110847	c15	DERL2
3.43733603857498e-09	0.0503328967749961	0.281	0.646	0.000115281376061728	c15	GZMM
3.45346067261241e-09	0.370716094382759	0.217	0.544	0.000115822164038075	c15	PRMT2
3.52654306449561e-09	0.298482252758969	0.136	0.386	0.000118273201297054	c15	APMAP
3.64527381250879e-09	0.508403452635172	0.154	0.422	0.00012225519312392	c15	DNAJB6
3.86963095701564e-09	0.649992344423792	0.113	0.346	0.000129779683036391	c15	ATF4
4.27934507476728e-09	0.654848589666693	0.235	0.587	0.000143520675117545	c15	THRAP3
4.30550209685829e-09	0.110089475226381	0.217	0.512	0.000144397929324433	c15	TRBC1
4.44719283661767e-09	0.464365813694506	0.1	0.32	0.000149149953354483	c15	UBTF
4.50829711828768e-09	0.457487747697862	0.14	0.395	0.000151199268753132	c15	MOB4
4.65769507753964e-09	2.27119811491401	0.452	0.434	0.000156209777510525	c15	GPRIN3
4.67136534219584e-09	0.220719814567348	0.172	0.454	0.000156668250846564	c15	ATRAID
5.13461520956344e-09	0.160111755115794	0.09	0.3	0.000172204724898339	c15	IFI6
5.14088386890812e-09	0.64326011652544	0.154	0.419	0.000172414963195441	c15	VPS51
5.4935409079244e-09	0.578084119548213	0.113	0.343	0.000184242374969968	c15	DCAF7
5.57264696894305e-09	0.0581091749033643	0.1	0.317	0.000186895434044412	c15	ORAI1
5.99176517828011e-09	0.3774251839842	0.222	0.554	0.000200951820549158	c15	RPN2
6.12943093946336e-09	0.82734348923028	0.131	0.376	0.000205568854847722	c15	KCNAB2
6.31588726589386e-09	0.241244183736006	0.1	0.316	0.000211822227123548	c15	UHMK1
6.39956896496624e-09	0.578022636503215	0.181	0.472	0.000214628743947038	c15	SRSF4
6.46818169666873e-09	0.46952506208782	0.149	0.41	0.000216929877742876	c15	DAP3
6.60383334604318e-09	1.87283374210904	0.525	0.596	0.000221479362759596	c15	EML4
6.9463148398008e-09	0.680024888214611	0.1	0.317	0.000232965507097239	c15	INTS11
7.03469105767366e-09	0.47575291117232	0.172	0.453	0.000235929468692259	c15	PNPLA2
7.06457673719879e-09	0.44629075339886	0.154	0.418	0.000236931774612173	c15	TMBIM4
7.18033226446479e-09	0.574443610036982	0.104	0.323	0.00024081398348562	c15	NMRK1
7.76365909449524e-09	0.283322146400092	0.326	0.709	0.000260377598711181	c15	IER2
7.89106533222223e-09	0.69149167853481	0.145	0.4	0.000264650549112069	c15	GDI1
8.12056255057617e-09	0.502151151685979	0.172	0.451	0.000272347426821223	c15	RAB2A
8.40221475403184e-09	0.759010293626329	0.104	0.323	0.00028179347842072	c15	SNHG7
8.49619059936488e-09	0.380251788678432	0.199	0.502	0.000284945240321499	c15	CYFIP2
8.75354023968769e-09	0.493102702939893	0.158	0.425	0.000293576232558646	c15	TMEM248
8.85365854852858e-09	0.628785006410126	0.172	0.45	0.000296934000400551	c15	FAM107B
8.85918644845731e-09	0.241641627800378	0.394	0.863	0.000297119395108361	c15	ARL6IP5
9.16357904301745e-09	0.249686837179153	0.109	0.328	0.000307328113944719	c15	S1PR4
9.95744736292096e-09	0.254624893360756	0.222	0.545	0.000333952869657643	c15	PET100
9.99765790038681e-09	0.639063091335005	0.158	0.423	0.000335301450663173	c15	MIER1
1.17533294124493e-08	0.485821866800435	0.127	0.362	0.000394183161834724	c15	METTL23
1.2339335339638e-08	0.29031415398164	0.1	0.312	0.000413836628620778	c15	NDUFA9
1.27775124112158e-08	0.636772582899767	0.1	0.312	0.000428532211247356	c15	UBQLN1
1.33962863193327e-08	0.314625972524464	0.249	0.594	0.00044928465057778	c15	PDIA6
1.3409897905913e-08	0.626724279718492	0.149	0.404	0.00044974115596851	c15	FAM50A
1.34428871512082e-08	0.543339374293775	0.158	0.419	0.000450847549277222	c15	CCND2
1.51488118240812e-08	0.332059340877543	0.109	0.326	0.000508060850956037	c15	ELOVL1
1.63626992981377e-08	0.194762193439973	0.131	0.36	0.000548772209060941	c15	BHLHE40
1.64303645250121e-08	0.613222147504827	0.172	0.444	0.000551041565439856	c15	FAM177A1
1.64620891313325e-08	0.520803517307934	0.149	0.402	0.000552105545286628	c15	WDR33
1.80759249863313e-08	0.242798580178734	0.095	0.301	0.000606230372191579	c15	BUD23
1.86885283851396e-08	0.486557531191182	0.109	0.326	0.000626775864980812	c15	TM2D3
1.9068263971956e-08	0.326856903945421	0.222	0.533	0.000639511437091459	c15	G3BP2
1.92733877176464e-08	0.331473455158405	0.095	0.3	0.000646390877274426	c15	FLII
1.93328335314324e-08	0.56699545567668	0.231	0.561	0.000648384570977181	c15	NDFIP1
1.95356066884082e-08	0.0648356342330834	0.398	0.841	0.000655185177115835	c15	STK17A
2.03486912259795e-08	0.549093043165146	0.208	0.516	0.0006824544063369	c15	OCIAD1
2.05003264802788e-08	0.686150414493712	0.222	0.545	0.000687539949495589	c15	LSM8
2.10027191785579e-08	0.406485770337227	0.222	0.542	0.000704389195810474	c15	SURF4
2.20542932153891e-08	0.467905835012474	0.231	0.555	0.00073965688585772	c15	BIN2
2.20873369868514e-08	0.719225111606332	0.113	0.333	0.000740765107865022	c15	PIH1D1
2.20965454913402e-08	0.496100652753394	0.122	0.348	0.000741073942688567	c15	RNF4
2.37985994203966e-08	0.350247926867034	0.122	0.348	0.000798157427361262	c15	PRKCSH
2.43475517145733e-08	0.472524567781422	0.122	0.348	0.00081656818940336	c15	CAPRIN1
2.45375042268412e-08	0.610029170641115	0.136	0.373	0.000822938816759799	c15	SDHA
2.66061748221651e-08	0.509639044008427	0.195	0.486	0.000892317891185774	c15	G3BP1
2.71670630649294e-08	0.399467754084252	0.118	0.337	0.000911128961071602	c15	RHBDD2
2.77258260772257e-08	0.334111278553877	0.113	0.33	0.000929868754977997	c15	PQLC3
2.8039010524061e-08	0.555561958900513	0.158	0.414	0.000940372334955959	c15	TBCC
2.8785919022333e-08	0.641883786880288	0.109	0.322	0.000965422152171004	c15	HPS1
2.97427278042968e-08	2.5900437771699	0.389	0.335	0.000997511605100507	c15	OGT
2.97784031169336e-08	0.530053672801451	0.208	0.509	0.000998708083735718	c15	TMCO1
3.04616064473986e-08	0.578585815308569	0.118	0.337	0.00102162135703286	c15	PPP1CB
3.13346009082566e-08	0.567584418028416	0.131	0.363	0.00105089984526111	c15	ADSS
3.21814029060855e-08	0.43240722367939	0.235	0.564	0.0010792998906643	c15	DEF6
3.34175271299868e-08	0.512814207856732	0.118	0.337	0.0011207570248855	c15	TROVE2
3.46652774461205e-08	0.58143362383987	0.145	0.387	0.00116260407498799	c15	COPB1
3.56366045049531e-08	0.335108575717079	0.14	0.377	0.00119518044188712	c15	RNASEH2B
3.58658863038143e-08	0.726867505957022	0.176	0.45	0.00120287009485733	c15	PRPF40A
3.60519907575596e-08	0.744376894078752	0.19	0.476	0.00120911166602704	c15	SEPT2
3.7724498296121e-08	0.520878483866075	0.136	0.37	0.00126520422385531	c15	PPP4R2
3.90872044618715e-08	0.162272630979091	0.914	1	0.00131090666324225	c15	B2M
4.55768332209505e-08	0.614980556227213	0.149	0.393	0.00152855583256424	c15	MESD
4.66935708602818e-08	0.629005735610535	0.127	0.35	0.00156600897951213	c15	FAM102A
4.70414783306282e-08	0.356382076130726	0.122	0.342	0.00157767710025261	c15	ERGIC2
4.83353846299532e-08	0.716944066738528	0.167	0.428	0.00162107212971937	c15	TSEN54
5.40029218184519e-08	0.737791608568395	0.1	0.3	0.00181114999194724	c15	SAP30BP
6.1703108162978e-08	0.715833882191541	0.113	0.324	0.00206939884156996	c15	SF3A3
6.39871799602907e-08	0.672278307215268	0.253	0.597	0.00214600204150823	c15	RCSD1
6.49101295376913e-08	0.654818218787054	0.113	0.324	0.00217695592443509	c15	PPHLN1
6.63902635218e-08	0.535919825367703	0.127	0.347	0.00222659665799413	c15	ARID5A
6.90366423663124e-08	0.843631138625378	0.113	0.324	0.00231535091168138	c15	DNAJC7
7.03688893265614e-08	0.569122472198528	0.113	0.323	0.00236003181023422	c15	CCAR1
7.26646986097579e-08	0.16404452439326	0.38	0.809	0.00243702866197406	c15	GIMAP7
7.40147944226891e-08	0.641240952135937	0.19	0.463	0.00248230817534815	c15	TRAT1
7.7075703213336e-08	0.522341280279597	0.154	0.397	0.00258496493436886	c15	GRSF1
7.70767512551743e-08	0.156930222268454	0.394	0.819	0.00258500008359604	c15	MT-ND6
7.88244608656089e-08	0.639575861017792	0.113	0.321	0.00264361476851079	c15	TMPO
7.97592521946767e-08	0.626236194295487	0.118	0.33	0.00267496580010507	c15	SEC61A1
8.35639659737965e-08	0.687128363216359	0.14	0.372	0.00280256829082919	c15	TMOD3
8.40037566008927e-08	0.353436772659501	0.136	0.363	0.00281731798888074	c15	ATP6AP1
8.70442413228708e-08	0.637655028825136	0.158	0.404	0.00291928976548644	c15	CHIC2
9.61894928274656e-08	0.482162233662915	0.127	0.345	0.00322600321044754	c15	ERP44
1.1117576003862e-07	2.51956825510652	0.389	0.346	0.00372861264017524	c15	TRA2A
1.11230187067069e-07	0.854493290080932	0.172	0.43	0.00373043801385537	c15	SP110
1.16345370028201e-07	0.745773945300876	0.167	0.421	0.00390199102000579	c15	TCP1
1.20990454199517e-07	2.12835707207857	0.434	0.419	0.0040577778529434	c15	RNF19A
1.21564064735289e-07	0.531271228000544	0.294	0.674	0.00407701560309213	c15	PPP1R2
1.23263290031625e-07	0.354036732129916	0.253	0.588	0.00413400422108065	c15	CAPZA1
1.2650048670005e-07	0.905405420404853	0.176	0.438	0.00424257332294627	c15	TRA2B
1.33093248709065e-07	0.345471873804196	0.281	0.622	0.00446368137520464	c15	TRAC
1.35080109476236e-07	2.00207299071123	0.498	0.559	0.00453031671161401	c15	ITGA4
1.40037575021104e-07	0.783176371221716	0.118	0.326	0.00469658019105777	c15	RPAIN
1.4005584810192e-07	0.272625090719218	0.19	0.453	0.00469719303364221	c15	LIME1
1.49676813247689e-07	1.87598562830864	0.538	0.68	0.00501986096270098	c15	ZAP70
1.59495859294862e-07	0.157685666977934	0.226	0.504	0.00534917212903108	c15	PIM2
1.60564933828098e-07	0.538718518081062	0.113	0.315	0.00538502675072675	c15	PRMT9
1.79072537728075e-07	0.660071141105214	0.145	0.373	0.00600573477032419	c15	PTBP3
1.8231065518124e-07	0.729600046243677	0.113	0.315	0.00611433475346843	c15	PSMC6
1.88395479646929e-07	0.676958943563884	0.163	0.408	0.00631840759639869	c15	ATXN10
1.94742411768359e-07	0.663250147447382	0.181	0.442	0.00653127100588722	c15	ACTN4
1.99992308656353e-07	0.655380308204753	0.19	0.458	0.00670734204771677	c15	VSIR
2.03879238895477e-07	0.622174603083869	0.122	0.331	0.00683770191407652	c15	CYB561D2
2.14207448828724e-07	0.491935124969681	0.127	0.337	0.00718408941881775	c15	TMF1
2.17648893921198e-07	1.5261151150162	0.557	0.716	0.00729950860432914	c15	ARHGEF1
2.55865131824145e-07	0.59986039885503	0.145	0.371	0.00858120479111818	c15	RNF114
2.89970419282686e-07	0.657806346952463	0.14	0.361	0.00972502792190273	c15	RCN2
2.92321024927709e-07	0.602272936383229	0.118	0.318	0.00980386253402551	c15	H2AFJ
2.92559906961451e-07	0.541638501706772	0.14	0.36	0.00981187415967313	c15	PHF1
2.95527220433271e-07	0.650352672708763	0.136	0.353	0.00991139191889103	c15	SUMF2
3.01150315989142e-07	0.778495368862644	0.136	0.353	0.0100999792976438	c15	RTF1
3.1822478730002e-07	0.65160751024211	0.145	0.369	0.0106726229164681	c15	PARVG
3.30346513811568e-07	0.507791177903557	0.195	0.459	0.0110791613802124	c15	CMTM6
3.46837505328484e-07	0.709629620824667	0.109	0.301	0.0116322362537067	c15	NEDD9
3.71532731660656e-07	0.805296022466953	0.231	0.534	0.0124604647544351	c15	ARHGAP45
3.80550536709782e-07	0.634407490814162	0.258	0.59	0.0127629039001727	c15	TAX1BP1
4.08030701074582e-07	0.831316771232258	0.145	0.367	0.0136845336526393	c15	PTPN1
4.25982332663173e-07	0.691489349172305	0.186	0.443	0.0142865954728575	c15	PTBP1
4.54679880720408e-07	0.831903082693764	0.158	0.39	0.0152490538396011	c15	NFE2L2
4.60919100729876e-07	0.652660821454928	0.122	0.323	0.0154583048002786	c15	BTG3
4.91272670769758e-07	0.701356209769543	0.208	0.487	0.0164763028322762	c15	STRAP
4.95637433264418e-07	0.455803398641835	0.118	0.313	0.0166226882368221	c15	RBPJ
5.17680546155797e-07	1.00785683568501	0.195	0.46	0.0173619701569731	c15	RUNX3
5.29725259981692e-07	0.440657171905257	0.24	0.523	0.017765925769266	c15	CREM
5.33045745560389e-07	0.620279543366004	0.122	0.323	0.0178772882146043	c15	DDRGK1
5.39581258858361e-07	0.541071106990787	0.222	0.512	0.0180964762595917	c15	HNRNPL
5.41704424200102e-07	0.788207177458965	0.149	0.37	0.018167682978823	c15	SMAP2
5.65481598186926e-07	0.494506375430932	0.149	0.369	0.0189651218399931	c15	TPST2
5.7363724008246e-07	1.00384541898043	0.154	0.381	0.0192386457578855	c15	DENND1C
5.8641385746989e-07	0.334996816547286	0.158	0.384	0.0196671479518252	c15	CTSB
6.31311426435794e-07	0.630884208679995	0.136	0.346	0.0211729226198036	c15	SMC3
6.32695340908866e-07	0.533927092496504	0.149	0.371	0.0212193363434015	c15	CYC1
6.43297919579614e-07	0.738222136992229	0.127	0.329	0.0215749256268611	c15	SNHG12
6.51363793780971e-07	0.628149884772631	0.122	0.319	0.0218454389158262	c15	GPR171
6.75002153532974e-07	0.717280387310769	0.158	0.385	0.0226382222251889	c15	CCDC69
7.03738579635779e-07	0.836104538144956	0.204	0.473	0.0236019844838248	c15	ZC3HAV1
7.45665568279338e-07	0.543543875771649	0.127	0.326	0.0250081318289524	c15	EIF4G1
7.95164819434855e-07	1.44496380568206	0.557	0.733	0.0266682377142062	c15	TRAF3IP3
8.13521874093717e-07	0.269148708887604	0.484	0.895	0.0272838966133551	c15	ZFP36L1
8.13682275786494e-07	0.66555350319806	0.158	0.385	0.0272892761653274	c15	HIF1A
8.50880012666252e-07	0.850979676328344	0.176	0.42	0.0285368138648008	c15	GGNBP2
8.93450405289643e-07	1.32973600279846	0.579	0.796	0.0299645396926041	c15	SF1
9.63684143593987e-07	0.702170036875816	0.131	0.334	0.0323200388078551	c15	SCAMP3
9.90859832217053e-07	0.752986785344858	0.167	0.401	0.0332314570528955	c15	LRPAP1
1.03469484163329e-06	0.855785983254658	0.262	0.588	0.0347015955986972	c15	BRD2
1.12315019709177e-06	0.69169505868414	0.118	0.308	0.0376682113100639	c15	TMBIM1
1.13737355532329e-06	0.712815166168038	0.19	0.44	0.0381452342984325	c15	TMX4
1.19423704376544e-06	0.824746012224977	0.122	0.314	0.0400523219738054	c15	TMEM50B
1.206301574553e-06	0.825869461112038	0.14	0.348	0.0404569422073584	c15	DNM2
1.22315137002948e-06	2.58981271231788	0.376	0.341	0.0410220506480488	c15	NKTR
1.26145387463736e-06	2.0368268824775	0.466	0.52	0.0423066400475876	c15	ANKRD44
1.36644553008249e-06	0.703919978402683	0.131	0.33	0.0458278501879065	c15	STAG2
1.37492495560545e-06	0.704805177532018	0.258	0.577	0.0461122331610956	c15	M6PR
1.42246429216642e-06	0.887613633557575	0.127	0.322	0.0477066074306775	c15	CPSF6
