p_val	avg_log2FC	pct.1	pct.2	p_val_adj	cluster	gene
0	6.22593776752998	0.765	0.029	0	c7	FOXP3
0	2.47812290943653	0.827	0.258	0	c7	CTLA4
0	3.44051638320751	0.535	0.074	0	c7	TBC1D4
0	3.11412896475326	0.647	0.197	0	c7	TNFRSF4
0	2.63867880400359	0.601	0.195	0	c7	TNFRSF18
0	1.66142402134728	0.756	0.36	0	c7	TIGIT
0	1.98310675603014	0.701	0.307	0	c7	MIR4435-2HG
0	2.26369666049408	0.724	0.33	0	c7	BATF
0	2.10465814820292	0.502	0.122	0	c7	SELL
0	1.80493128938837	0.669	0.292	0	c7	ARID5B
0	3.78072073601687	0.395	0.061	0	c7	IL2RA
0	1.953806294242	0.791	0.464	0	c7	TNFRSF1B
0	1.81469826525848	0.805	0.479	0	c7	PIM2
0	2.87386299509085	0.383	0.062	0	c7	CCR4
0	1.38327144693255	0.861	0.547	0	c7	CD27
0	2.40469395176691	0.398	0.09	0	c7	IKZF2
0	2.64714198066887	0.393	0.091	0	c7	GK
0	1.55376419141353	0.654	0.356	0	c7	DNPH1
0	1.10206687629508	0.611	0.316	0	c7	CD4
0	2.13759615129855	0.437	0.147	0	c7	PELI1
0	1.40954490492554	0.82	0.532	0	c7	PBXIP1
0	4.37577917221747	0.305	0.025	0	c7	RTKN2
0	2.14276557557432	0.364	0.089	0	c7	IL6R
0	3.18283069489911	0.349	0.074	0	c7	LINC01943
0	2.16122072020541	0.411	0.138	0	c7	STAM
0	1.00539574443123	0.733	0.461	0	c7	GBP5
0	1.36832714392026	0.824	0.554	0	c7	FCMR
0	1.59627847699358	0.759	0.493	0	c7	CARD16
0	3.30040623785719	0.303	0.04	0	c7	ICA1
0	1.23252670885533	0.736	0.474	0	c7	GBP2
0	1.10607599907647	0.643	0.384	0	c7	CD28
0	1.40886738016004	0.744	0.485	0	c7	CORO1B
0	1.67608775144898	0.363	0.108	0	c7	TOX2
0	1.53060415331978	0.505	0.261	0	c7	NAMPT
0	1.39945748837672	0.516	0.273	0	c7	PHTF2
0	1.53450799542116	0.408	0.168	0	c7	MAF
0	1.95389946191527	0.359	0.121	0	c7	ZC3H12D
0	1.41403182695184	0.45	0.216	0	c7	NCF4
0	1.51689527008566	0.482	0.252	0	c7	GLRX
0	1.4542477023869	0.584	0.355	0	c7	UGP2
0	1.99442908002729	0.322	0.095	0	c7	CD79B
0	1.35034938788748	0.935	0.72	0	c7	LTB
0	1.00836291993591	0.895	0.683	0	c7	RGS1
0	1.84432700394708	0.328	0.118	0	c7	DUSP16
0	1.13259119324229	0.814	0.605	0	c7	UCP2
0	2.40933265763223	0.314	0.108	0	c7	MAGEH1
0	1.50315660748927	0.366	0.161	0	c7	POU2F2
0	1.76870347521491	0.318	0.123	0	c7	PHACTR2
0	0.924600484377146	0.899	0.712	0	c7	SPOCK2
0	1.399491823601	0.816	0.648	0	c7	SAT1
0	0.878645898616031	0.813	0.651	0	c7	ISG20
0	0.987816788981006	0.824	0.697	0	c7	CTSC
0	0.893473317080162	0.995	0.978	0	c7	IL32
0	0.586450213147282	0.996	0.99	0	c7	UBC
0	0.488999607523759	0.998	0.995	0	c7	TMSB10
0	0.540520089425562	0.999	0.999	0	c7	HLA-A
0	0.285011896465242	1	1	0	c7	B2M
9.41186344360947e-307	1.31015267038343	0.499	0.276	3.15655076171774e-302	c7	FAS
1.44458414361564e-289	1.25305628288153	0.428	0.216	4.84484630085814e-285	c7	IL6ST
1.33748716311399e-279	1.52211606639249	0.362	0.171	4.48566444765171e-275	c7	CD59
2.73331972551629e-273	1.16391587699951	0.51	0.293	9.16700769543652e-269	c7	DUSP4
3.02230116276468e-272	0.78530249483284	0.76	0.597	1.01361936396802e-267	c7	NDUFV2
1.02245877937377e-269	0.649385255319282	0.96	0.893	3.42912225426373e-265	c7	CD74
8.87225695011866e-268	1.25357786150583	0.472	0.266	2.9755775359308e-263	c7	EPSTI1
2.59908401582627e-266	1.19370308027514	0.468	0.261	8.71680797227813e-262	c7	TNIK
4.59055281981119e-266	1.11909421428738	0.528	0.321	1.53957960470828e-261	c7	TLK1
1.32551456525356e-256	1.04918797569373	0.54	0.327	4.4455107489474e-252	c7	TMEM173
4.25784028547263e-256	0.484716296094503	0.952	0.926	1.42799447494181e-251	c7	ARPC1B
9.74210168296584e-256	1.36977896028739	0.303	0.131	3.26730606243308e-251	c7	CSF1
1.00275243776998e-254	0.834066034959494	0.708	0.504	3.36303112579297e-250	c7	CYTOR
1.30047145078407e-248	0.932437497385159	0.715	0.556	4.3615211516396e-244	c7	IL10RA
1.86584098723812e-244	0.423189642792543	1	1	6.25765750299921e-240	c7	MALAT1
3.84470564232824e-238	0.724934703489251	0.771	0.638	1.28943737832405e-233	c7	RHOG
1.710419488607e-236	1.11374097781656	0.387	0.196	5.73640488089017e-232	c7	TOX
2.78902711997606e-232	0.59208039016193	0.871	0.755	9.35383915497569e-228	c7	CD44
3.19588343225833e-230	0.848347969224906	0.686	0.488	1.0718353855108e-225	c7	ICOS
1.1401550743821e-229	1.25525847273851	0.3	0.133	3.8238520884627e-225	c7	FBLN7
8.21317956271264e-229	1.29456391811979	0.364	0.188	2.75453616174257e-224	c7	FAM110A
6.43571138650117e-228	0.902055185501078	0.664	0.489	2.15840888480476e-223	c7	SAMHD1
3.41056281855521e-226	0.964345635702886	0.558	0.365	1.14383455808705e-221	c7	ZBTB38
2.03924293767802e-221	1.24213492326141	0.393	0.213	6.83921296438454e-217	c7	HOXB2
4.16660016382843e-220	0.938576364241168	0.598	0.407	1.39739436294478e-215	c7	SLAMF1
7.03685858230078e-220	0.837156161860671	0.629	0.443	2.36002163133204e-215	c7	SLA
1.71263794620256e-219	0.762984442513395	0.708	0.546	5.74384514397414e-215	c7	SIRPG
1.71693364136084e-217	0.487448475206026	0.986	0.98	5.75825204639598e-213	c7	SRGN
3.01211889840817e-211	1.09200405250943	0.525	0.341	1.01020443614813e-206	c7	BIRC3
2.84468953860515e-210	1.25048049489636	0.372	0.199	9.54051977457394e-206	c7	SNX9
1.96838467686486e-208	0.679915165851516	0.763	0.628	6.60156852926937e-204	c7	RAP1A
3.53218966584468e-205	1.31211152507952	0.307	0.15	1.18462577013099e-200	c7	LIMA1
1.02692594484365e-202	0.889580793230551	0.601	0.426	3.44410423381663e-198	c7	CASP1
2.73993520436959e-198	1.48748995733882	0.332	0.174	9.18919468841474e-194	c7	PMAIP1
2.01553120199031e-197	0.600297334057416	0.775	0.659	6.75968854523509e-193	c7	SH3BGRL
1.49158024406798e-195	1.15242922296221	0.348	0.181	5.0024618225552e-191	c7	LEF1
4.24512521105604e-195	0.398810251544808	0.966	0.928	1.42373009328398e-190	c7	FXYD5
5.77038325490963e-194	1.17808489528275	0.431	0.258	1.93527113603159e-189	c7	BCL3
2.06606808683464e-192	0.572440670837767	0.886	0.821	6.92917914962602e-188	c7	SOD1
5.14873097499992e-191	1.20773237414409	0.302	0.148	1.72678139439547e-186	c7	ENTPD1
1.78395317300544e-190	0.727901378232284	0.766	0.641	5.98302215162565e-186	c7	RPS27L
5.87561709127859e-188	0.615986974563596	0.778	0.649	1.97056446007301e-183	c7	CSK
1.48661397230705e-185	0.577691895602377	0.843	0.749	4.98580594032339e-181	c7	CD247
2.91451657885549e-183	0.285836212906439	0.992	0.991	9.77470570216555e-179	c7	ARHGDIB
1.35961071978934e-181	1.13683146986913	0.364	0.201	4.55986243202948e-177	c7	NABP1
7.9273232193054e-179	1.17149678151652	0.51	0.346	2.65866566129064e-174	c7	PIM3
4.28420976120821e-177	0.829843485167581	0.564	0.395	1.43683826971401e-172	c7	CMTM7
2.54993357084106e-176	1.01879853659018	0.308	0.152	8.55196720988676e-172	c7	CCR7
3.2853737294866e-174	0.417134159883253	0.939	0.905	1.10184864139522e-169	c7	YWHAB
1.75346801550238e-172	0.789577605940147	0.591	0.405	5.88078103039188e-168	c7	AQP3
5.92123724701444e-161	1.08273761885712	0.367	0.215	1.9858645479037e-156	c7	OGDH
1.1594513840773e-160	0.347903361188086	0.973	0.964	3.88856805191846e-156	c7	OAZ1
3.83537678535054e-160	0.890284766976554	0.496	0.336	1.28630866627086e-155	c7	CCM2
8.57328308429118e-160	0.648998227494411	0.687	0.546	2.87530768080958e-155	c7	TNFRSF14
2.50127572768785e-158	0.50837216069058	0.825	0.742	8.38877853551951e-154	c7	SKAP1
1.20364312957525e-157	0.851703444561179	0.458	0.283	4.03677832796947e-153	c7	BCL2
4.52506796402409e-157	0.643901346300198	0.699	0.575	1.5176172937744e-152	c7	UBE2B
1.23722488942419e-156	0.561220460281158	0.76	0.641	4.14940483415084e-152	c7	PRDX1
3.71660133104921e-156	0.497836037162908	0.818	0.719	1.24647375440728e-151	c7	CALM3
8.74389762608441e-154	0.961174615248563	0.428	0.272	2.93252838583619e-149	c7	TPP1
1.35398190530984e-153	1.33779211263293	0.322	0.184	4.54098451402813e-149	c7	IL21R
4.93889159794746e-153	0.791708902073997	0.513	0.344	1.65640546411962e-148	c7	CD82
2.44140012274304e-151	0.817164258590146	0.505	0.342	8.18796773165559e-147	c7	SFT2D1
3.24004680342613e-151	1.09596796925729	0.385	0.236	1.08664689693306e-146	c7	TRIB2
5.71922870577631e-151	0.923746201994312	0.463	0.303	1.91811492334326e-146	c7	PRDM1
9.05427747004872e-151	0.739205802335092	0.585	0.416	3.03662357790494e-146	c7	PIK3IP1
4.69800604070195e-148	1.11872607783708	0.305	0.166	1.57561726593062e-143	c7	OLFM2
2.47405321462912e-146	0.976530763946823	0.582	0.449	8.29747967122316e-142	c7	CMTM6
2.5067322299961e-146	0.597884857018985	0.701	0.555	8.40707855296092e-142	c7	IL2RB
7.57482128351602e-144	0.889465742352971	0.487	0.342	2.5404435620656e-139	c7	CTSA
4.00058571322294e-142	0.277114086022011	0.995	0.993	1.34171643650071e-137	c7	HLA-E
6.89936303302851e-142	0.838320806528319	0.382	0.225	2.3139083740171e-137	c7	CCR6
8.15385729111406e-140	0.74511143924094	0.579	0.421	2.73464065829383e-135	c7	SOCS3
5.48723335364067e-139	0.589116187701	0.747	0.646	1.84030832214401e-134	c7	LBH
2.62348829189787e-138	1.00215856469707	0.406	0.26	8.79865503336707e-134	c7	TSPAN5
5.81210554106154e-137	0.73430388458558	0.529	0.372	1.94926395636122e-132	c7	CTSB
8.89394084044489e-137	0.850304691675111	0.445	0.29	2.98284987906841e-132	c7	GOLGA8B
2.54378619396905e-135	0.710381036526568	0.638	0.521	8.53135013733339e-131	c7	SYNGR2
9.94379935847567e-135	0.553518940127362	0.777	0.695	3.33495142884557e-130	c7	C9orf16
4.64636022460134e-134	0.412352528875174	0.945	0.889	1.5582962921268e-129	c7	S100A4
5.97399098588532e-134	0.784784902912378	0.474	0.323	2.00355709684622e-129	c7	ACP5
1.81167941241361e-133	0.53080356883124	0.803	0.718	6.07601041335277e-129	c7	ANKRD12
3.60597844851139e-133	0.80512684915111	0.473	0.323	1.20937305206175e-128	c7	ASB2
1.12290542269947e-132	0.496675315403825	0.785	0.702	3.76600020664947e-128	c7	CUTA
2.73512031311787e-132	0.597178204044198	0.691	0.577	9.17304650613471e-128	c7	PAK2
1.43673188862792e-131	0.591155832613718	0.828	0.765	4.81851140808031e-127	c7	PKM
3.17013452837253e-131	0.981543272132658	0.418	0.278	1.06319971812558e-126	c7	SMS
8.97054597166408e-129	0.764765874542249	0.569	0.423	3.0085417079767e-124	c7	PDE4B
1.11377166322595e-128	0.628835923829096	0.63	0.492	3.73536740412718e-124	c7	PPM1G
3.85845698819272e-128	0.552047343199493	0.677	0.55	1.29404930470007e-123	c7	NDFIP1
1.19742771302066e-127	0.453437451062118	0.821	0.746	4.01593306392869e-123	c7	ICAM3
5.52959694608656e-127	0.572197801461618	0.704	0.587	1.85451622377851e-122	c7	PSAP
4.98511491042626e-125	0.397981693038468	0.891	0.839	1.67190783865876e-120	c7	CIRBP
9.84015112917844e-125	0.500643709052405	0.779	0.686	3.30018988570387e-120	c7	RHOH
5.02568809248382e-123	0.44022102026376	0.828	0.759	1.68551527245722e-118	c7	JAK1
5.07164010726976e-123	0.170228576314738	0.653	0.476	1.70092665917613e-118	c7	HSPA1A
6.66102598070576e-121	0.386372963104169	0.775	0.61	2.2339748934091e-116	c7	ITGB2
7.49345706383853e-121	0.474697199669605	0.831	0.758	2.51315563007017e-116	c7	SEPT6
1.07719916685525e-120	0.971366238739844	0.353	0.222	3.61271056579914e-116	c7	RAB11FIP1
2.12192570435424e-119	0.698694724868058	0.489	0.334	7.11651442726326e-115	c7	ICAM2
6.00837545574417e-119	0.342666305192859	0.904	0.87	2.01508896034748e-114	c7	GABARAP
1.7963981891475e-117	0.639829241453501	0.618	0.5	6.02476024676287e-113	c7	SDF4
1.46668137901272e-116	0.396733905191695	0.857	0.801	4.91895600893285e-112	c7	UBE2D2
6.63500731072965e-116	0.390397176318003	0.869	0.803	2.22524875187251e-111	c7	LAT
2.8458684261794e-115	0.917844956145579	0.414	0.283	9.54447352772047e-111	c7	PMVK
6.53215914849871e-115	0.837294675838074	0.307	0.179	2.1907555352235e-110	c7	NDFIP2
2.31779849077128e-114	0.99849554786582	0.301	0.178	7.77343257834871e-110	c7	LINC00649
8.87445773558768e-113	0.947189987878385	0.326	0.201	2.9763156353614e-108	c7	MIIP
5.29325586762741e-111	0.625869205970863	0.574	0.441	1.77525215288488e-106	c7	YPEL3
3.64251997568964e-110	0.883989226039281	0.362	0.231	1.22162834944679e-105	c7	IPCEF1
5.18962117346606e-110	0.509966746492264	0.706	0.607	1.74049514915705e-105	c7	MAT2B
1.87940870454971e-109	0.301002500822632	0.932	0.907	6.30316091331883e-105	c7	SUMO2
1.92237085655034e-109	0.891959214639357	0.324	0.198	6.44724737869854e-105	c7	UXS1
5.011633294394e-109	0.862708953805549	0.341	0.213	1.68080157427386e-104	c7	MAD1L1
1.02120544720886e-108	0.912556074754243	0.339	0.212	3.42491882884906e-104	c7	THEM4
8.66461811815628e-106	0.794019044782475	0.457	0.327	2.90593962446725e-101	c7	RHBDD2
2.14368170564197e-105	0.595431910173651	0.595	0.471	7.18947970438202e-101	c7	ELOVL5
1.02678970855458e-104	0.886921845908257	0.362	0.237	3.44364732455034e-100	c7	CD320
1.35645887793529e-104	0.462436749611205	0.744	0.654	4.54929178481938e-100	c7	ISCU
7.79329016902869e-104	0.674845623149792	0.522	0.39	2.61371365688884e-99	c7	HNRNPLL
1.12100032921433e-102	0.775162212110408	0.389	0.259	3.75961090411901e-98	c7	CCDC167
5.53477991134422e-102	0.610003624825339	0.584	0.468	1.85625448666662e-97	c7	TNIP1
1.42613353719333e-101	0.70263935790696	0.566	0.449	4.78296665703899e-97	c7	USP15
1.1626681882151e-100	0.590609203638893	0.59	0.464	3.89935656963581e-96	c7	LIMS1
2.22070051454963e-100	0.715039317972069	0.504	0.378	7.44778538569655e-96	c7	VMP1
5.7730181506664e-100	0.731247852342342	0.406	0.273	1.9361548273705e-95	c7	LINC00861
7.61047985300452e-100	0.736409137939498	0.632	0.526	2.55240273310066e-95	c7	TPR
1.4938045849481e-99	0.56886244019214	0.598	0.477	5.00992181699894e-95	c7	NDUFC1
4.1913856833843e-99	0.344352812679139	0.883	0.86	1.40570693049343e-94	c7	ARL6IP5
1.22419165837964e-98	0.72014093949808	0.486	0.361	4.10569398387363e-94	c7	SMAP2
1.74340667923878e-97	0.894532314429093	0.322	0.203	5.84703732083103e-93	c7	CNST
6.2802555438053e-97	0.550902617372205	0.418	0.28	2.10627210428142e-92	c7	PTTG1
1.14593894430979e-95	0.620993872910235	0.519	0.393	3.84325003142617e-91	c7	DGKA
2.25992681005952e-95	0.878677405589434	0.319	0.202	7.57934253557763e-91	c7	HLA-DMA
3.03420119772501e-95	0.667110289864693	0.499	0.377	1.01761039769301e-90	c7	ABI1
3.33872868204019e-95	0.375815352169406	0.876	0.832	1.11974282538264e-90	c7	C12orf57
3.663090713444e-95	0.79169894662807	0.435	0.313	1.22852736347485e-90	c7	BTG3
7.86425489770671e-95	0.851914986242023	0.314	0.197	2.63751380759288e-90	c7	KDSR
3.2236161067753e-94	0.876513614882007	0.365	0.247	1.0811363698903e-89	c7	HDAC7
7.87504097108165e-94	0.515097591402312	0.656	0.548	2.64113124088136e-89	c7	SH3KBP1
5.16791273795385e-93	0.268813565241827	0.944	0.938	1.73321457405496e-88	c7	CCNI
7.12321920083103e-93	0.727950005165709	0.435	0.313	2.38898525557471e-88	c7	PCED1B
1.18560978929324e-92	0.796866032024085	0.43	0.31	3.97629811133168e-88	c7	TRAF1
1.69857759828772e-92	0.410039278871564	0.795	0.728	5.69668954913736e-88	c7	TRAF3IP3
5.88615886437371e-92	0.789945804210361	0.367	0.246	1.97409995993365e-87	c7	IGFLR1
1.30401856069691e-91	0.268977073841877	0.97	0.965	4.3734174488653e-87	c7	LAPTM5
1.40994624126741e-91	0.693806162906111	0.375	0.25	4.72867770396263e-87	c7	TNFRSF25
4.86582033084203e-91	0.339197377754599	0.854	0.807	1.6318988225578e-86	c7	COX5B
2.76393988241065e-90	0.624125599497807	0.589	0.473	9.26970157762885e-86	c7	NEAT1
4.63675096212222e-90	0.291734206821147	0.906	0.876	1.55507353767655e-85	c7	ALDOA
4.21328951369854e-89	0.464679852790759	0.756	0.687	1.41305303710421e-84	c7	EZR
9.46983116278528e-88	0.720039063285319	0.401	0.281	3.17599197537493e-83	c7	ADI1
1.47997032673542e-87	0.810411623218622	0.36	0.246	4.96352448180526e-83	c7	SNX20
3.10672915077644e-87	0.495074467804312	0.679	0.585	1.0419348225874e-82	c7	STAT3
7.64759824399535e-87	0.760230081193078	0.305	0.191	2.56485149907116e-82	c7	ZNF831
7.92637011262177e-87	0.786320330140301	0.364	0.247	2.65834600837109e-82	c7	GRINA
1.14519159939964e-86	0.412360791843216	0.755	0.68	3.84074358606653e-82	c7	SQSTM1
7.72683580966747e-86	0.607265861364737	0.643	0.55	2.59142619384628e-81	c7	SYNE2
8.24837605539075e-86	0.562262305800997	0.617	0.52	2.76634036145695e-81	c7	PTPN7
1.59222856685487e-85	0.869326641352274	0.31	0.202	5.34001616751786e-81	c7	ZC3H7A
2.24152070086389e-85	0.599323472712163	0.546	0.426	7.51761212655731e-81	c7	PHLDA1
2.45941280569944e-85	0.644135540216264	0.563	0.457	8.24837866775479e-81	c7	CFLAR
2.63251560693804e-84	0.490992627738085	0.663	0.561	8.82893084254881e-80	c7	ZNF706
3.00256711130147e-84	0.526221805731935	0.597	0.49	1.00700095778829e-79	c7	LRP10
3.86955360458669e-84	0.639185866811621	0.484	0.368	1.29777088790628e-79	c7	RAB10
4.84943812575574e-84	0.467285505101567	0.643	0.524	1.62640455861596e-79	c7	CD5
1.15709741395931e-83	0.223836544932447	0.977	0.98	3.88067330693674e-79	c7	RAC2
7.22431708022897e-83	0.716536216821766	0.391	0.275	2.42289146236719e-78	c7	RBM38
1.00523859047917e-81	0.551520176528996	0.624	0.527	3.37136918474904e-77	c7	DOK2
2.24475214045279e-81	0.254180531098109	0.981	0.979	7.52844972865057e-77	c7	PTPRC
2.91070395400374e-81	0.786796183223771	0.335	0.224	9.76191892093774e-77	c7	GCHFR
2.21055888638875e-80	0.41370400715697	0.718	0.638	7.41377239317058e-76	c7	CHURC1
3.04081523111771e-80	0.149998030342304	1	0.999	1.01982861221226e-75	c7	ACTB
3.90924777841524e-80	0.518580484826161	0.579	0.474	1.3110835199249e-75	c7	OXA1L
6.38517982308526e-80	0.792711202130425	0.348	0.238	2.14146160906633e-75	c7	ADAM10
1.41815301485916e-79	0.441763519632217	0.704	0.602	4.75620158123464e-75	c7	CDKN1B
3.37901108056821e-79	0.259879920389542	0.929	0.911	1.13325273620097e-74	c7	LCK
5.46592247784707e-79	0.860768423217013	0.351	0.246	1.83316108062035e-74	c7	TYMP
1.02546886877217e-78	0.240598221365492	0.957	0.953	3.43921749208812e-74	c7	PCBP1
3.93152933345749e-78	0.398404003826271	0.758	0.681	1.31855630785497e-73	c7	DDX24
2.15461360418338e-77	0.614598886866388	0.489	0.378	7.22614310571021e-73	c7	SLC44A2
8.0562907034189e-77	0.155041267450731	0.997	0.996	2.70191877611263e-72	c7	FTH1
4.58720608821068e-76	0.616086440898742	0.488	0.382	1.5384571778641e-71	c7	CNIH1
9.85060085534083e-76	0.515960450088846	0.654	0.566	3.30369451486421e-71	c7	CACYBP
2.69660126406627e-75	0.673554408442061	0.446	0.336	9.04386131942547e-71	c7	P2RY10
3.19316153760093e-75	0.153572558227268	0.998	0.996	1.0709225164806e-70	c7	PFN1
1.255227502907e-74	0.307905734819057	0.916	0.893	4.2097819992495e-70	c7	ZFP36L1
2.44901748513545e-74	0.306621819026995	0.647	0.5	8.21351484164727e-70	c7	GPR183
3.70565883153817e-73	0.253421017823069	0.913	0.892	1.24280385892127e-68	c7	HNRNPK
7.49002851706304e-73	0.744402502840493	0.479	0.381	2.5120057640526e-68	c7	FOXP1
2.87986337960032e-72	0.485596760968357	0.622	0.511	9.65848580250357e-68	c7	TENT5C
3.04937781067715e-72	0.571996167160486	0.664	0.579	1.0227003301449e-67	c7	DDIT4
1.71884235684893e-71	0.566582754728146	0.512	0.409	5.76465349639993e-67	c7	VAMP5
8.07839688144866e-71	0.781515988543255	0.365	0.262	2.70933274610025e-66	c7	SHMT2
1.76271562549323e-70	0.396685754001002	0.701	0.619	5.9117956647792e-66	c7	NOP10
2.55378936475017e-70	0.730573604692424	0.363	0.258	8.56489877149911e-66	c7	MALT1
1.19955162991358e-69	0.425462194315345	0.698	0.615	4.02305625640417e-65	c7	TECR
1.77283896795297e-69	0.170285060101404	0.983	0.981	5.94574733072066e-65	c7	PTPRCAP
1.99723441898686e-69	0.525429920645372	0.544	0.44	6.69832479439814e-65	c7	NSD3
3.19888381193756e-69	0.273271879847482	0.872	0.844	1.07284165284762e-64	c7	HCLS1
8.85050629233707e-69	0.811597586470028	0.355	0.256	2.96828280032401e-64	c7	BCL2L1
1.18120174295025e-68	0.640869114796961	0.38	0.272	3.96151440550656e-64	c7	CRTAP
1.56205687195425e-68	0.240997919537111	0.934	0.93	5.23882633716017e-64	c7	CD37
4.30850014800836e-67	0.649218424767513	0.349	0.243	1.44498477963904e-62	c7	TACC3
5.42371418198959e-67	0.574190250430902	0.471	0.368	1.81900526235567e-62	c7	VOPP1
4.87579600454031e-66	0.399450275712902	0.697	0.629	1.63524446400273e-61	c7	VCP
8.42277535653717e-66	0.293977136476145	0.833	0.792	2.82483039907544e-61	c7	EIF3H
2.04914326916079e-65	0.326834512872384	0.788	0.727	6.87241669611145e-61	c7	UBXN1
4.51934048511582e-65	0.198094927006166	0.96	0.954	1.51569641189814e-60	c7	ATP5MC2
1.50200234021598e-64	0.726088223056318	0.354	0.258	5.03741544861634e-60	c7	ATOX1
1.52958199755583e-64	0.532876591884853	0.499	0.394	5.12991210340274e-60	c7	SPTAN1
1.5305605698661e-64	0.465170070965905	0.568	0.462	5.13319403921692e-60	c7	PARP1
1.70564640560748e-64	0.442101429361563	0.64	0.547	5.72039691512635e-60	c7	YWHAH
2.78406498559233e-64	0.546269131162001	0.478	0.373	9.33719714867957e-60	c7	SUSD3
4.26731752032293e-64	0.563025590639959	0.43	0.325	1.4311729499659e-59	c7	CEMIP2
8.16119120047701e-63	0.293263102675732	0.841	0.796	2.73710030481598e-58	c7	PRR13
2.30329065872531e-62	0.450604118578508	0.712	0.651	7.72477621123295e-58	c7	RNF213
2.17411760719973e-61	0.450760637032872	0.686	0.616	7.29155563102646e-57	c7	SELPLG
1.91839601813409e-60	0.249385324212964	0.915	0.908	6.4339165656181e-56	c7	UQCRB
4.88775082651444e-60	0.553208152379401	0.42	0.313	1.63925387219641e-55	c7	MTHFD2
8.42427440442427e-60	0.602958193357312	0.489	0.395	2.82533314975581e-55	c7	EPB41
1.18413848025736e-59	0.502558749286344	0.522	0.426	3.97136363508714e-55	c7	IL27RA
2.09046800390369e-59	0.270145898765265	0.819	0.749	7.0110115914922e-55	c7	ANP32B
2.60679702484018e-59	0.564505867824512	0.445	0.346	8.74267586190898e-55	c7	ZNF292
3.05079675136725e-59	0.580879366461113	0.388	0.287	1.02317621447355e-54	c7	GBP4
4.76490076214158e-59	0.32343364853266	0.759	0.71	1.59805241760704e-54	c7	VAMP8
5.41076671418258e-59	0.294147806195149	0.805	0.753	1.81466294060255e-54	c7	PARK7
5.97383865360612e-59	0.525902891796751	0.489	0.392	2.00350600764642e-54	c7	GTF3C6
6.12372874453924e-59	0.601288299628092	0.384	0.287	2.05377614634357e-54	c7	PFKL
1.33883130931986e-58	0.138290946202647	0.999	0.998	4.49017244519695e-54	c7	EIF1
1.4078753527705e-58	0.275208942583718	0.837	0.808	4.7217323581217e-54	c7	ATP6V0E1
1.4724124354728e-58	0.256224560534518	0.885	0.861	4.93817682608868e-54	c7	GMFG
4.20220115833164e-58	0.554406903135002	0.435	0.333	1.40933422448126e-53	c7	LMBRD1
6.4085158667808e-58	0.395410473807146	0.688	0.616	2.14928805140095e-53	c7	TRAC
1.01172826786188e-57	0.628124125201017	0.38	0.284	3.39313426475517e-53	c7	NPC2
1.17528870246082e-57	0.507119054381474	0.511	0.42	3.9416832503131e-53	c7	SEC11C
1.47702647858057e-57	0.671337691877075	0.337	0.244	4.95365140386351e-53	c7	HTATIP2
2.3368306148017e-57	0.387001402150386	0.668	0.58	7.83726251592195e-53	c7	SIT1
7.07575741735552e-57	0.628011530877909	0.378	0.282	2.37306752263269e-52	c7	FOXN3
1.37001538818737e-56	0.570509807653022	0.368	0.273	4.59475760890281e-52	c7	CHD3
2.69710582749159e-56	0.176506230556558	0.992	0.987	9.04555352424131e-52	c7	BTG1
9.47743645703277e-56	0.612713165954141	0.37	0.277	3.17854263895965e-51	c7	ABTB1
4.33857442025899e-55	0.271028824613601	0.827	0.789	1.45507108906646e-50	c7	SLC25A3
5.92469227976196e-55	0.57900808987568	0.428	0.333	1.98702329678657e-50	c7	CHST11
9.42671584088369e-55	0.64304977253466	0.336	0.244	3.16153195871557e-50	c7	MKRN1
1.30304679982785e-54	0.438482705281313	0.568	0.477	4.37015835726266e-50	c7	OPTN
1.8840348822267e-54	0.362556879418358	0.698	0.631	6.31867618801189e-50	c7	PAIP2
4.50931335238138e-54	0.248724850449497	0.865	0.84	1.51233351212167e-49	c7	NDUFA4
4.62888957577007e-54	0.551096984966098	0.462	0.371	1.55243698592177e-49	c7	SNX5
4.71053852908341e-54	0.620363660293887	0.373	0.282	1.579820411884e-49	c7	MAPKAPK3
5.16716809301177e-54	0.569793462259298	0.369	0.275	1.73296483503429e-49	c7	PPM1M
8.10965644052209e-54	0.356136543837646	0.671	0.6	2.7198165770223e-49	c7	RAC1
9.22265939723729e-54	0.294636158954251	0.794	0.738	3.09309550864544e-49	c7	GYPC
1.39325289936455e-53	0.157674201381253	0.98	0.984	4.67269157388884e-49	c7	ATP5F1E
1.4155780514816e-53	0.227833628752319	0.903	0.89	4.747565669059e-49	c7	SKP1
1.49674445793795e-53	0.633434662508522	0.321	0.233	5.0197815630323e-49	c7	CCDC28A
1.51157437928597e-53	0.493052753440441	0.555	0.478	5.06951815324928e-49	c7	R3HDM4
2.12897164618879e-53	0.587919077102718	0.389	0.297	7.14014510698797e-49	c7	ARPP19
5.00586061263455e-53	0.52854752576464	0.435	0.341	1.67886553226538e-48	c7	MT1X
9.18894806410447e-53	0.68758322482966	0.362	0.275	3.08178940173936e-48	c7	REXO2
1.41550097284117e-52	0.223959917539013	0.916	0.901	4.74730716271472e-48	c7	TMBIM6
2.29747229341615e-52	0.517751880570454	0.434	0.339	7.7052625776591e-48	c7	ADD3
3.76239291748116e-52	0.380118312170265	0.591	0.497	1.26183133666483e-47	c7	CLTA
6.45815671632502e-52	0.401760410196878	0.632	0.553	2.16593659952108e-47	c7	ITGA4
8.03037673915582e-52	0.275675549094012	0.816	0.78	2.69322775077808e-47	c7	EIF4B
1.04506309946384e-51	0.361377829555159	0.663	0.594	3.50493262298181e-47	c7	PRDX2
1.68604678415907e-51	0.463537046205979	0.612	0.525	5.6546637047127e-47	c7	STAT1
2.67321113803824e-51	0.582334042647508	0.37	0.281	8.96541551475265e-47	c7	CERK
4.11489171741638e-51	0.637358821522938	0.344	0.255	1.38005238418711e-46	c7	ASXL1
3.0937386392835e-50	0.579779451623678	0.359	0.269	1.0375780648429e-45	c7	PLK3
3.34985562545008e-50	0.283077282660513	0.776	0.727	1.12347457966345e-45	c7	FKBP1A
3.4023269627956e-50	0.525069485907804	0.45	0.359	1.14107241678239e-45	c7	CTSS
6.58644776044728e-50	0.173403184229723	0.989	0.989	2.20896284989881e-45	c7	HSPA8
1.04570062657367e-49	0.232648841391284	0.89	0.863	3.50707076140277e-45	c7	EIF3F
2.72402932155988e-49	0.295217772102427	0.605	0.5	9.13584953864752e-45	c7	MT2A
9.68902662501911e-49	0.21703390605213	0.93	0.932	3.24950574949891e-44	c7	HINT1
1.42110878467867e-48	0.195704691560849	0.975	0.96	4.76611464205533e-44	c7	JUNB
2.8188820865999e-48	0.244652873078718	0.858	0.83	9.45396674203874e-44	c7	LCP2
3.28423511901549e-48	0.157200426136349	0.978	0.973	1.10146677421541e-43	c7	CD3D
6.53770450882407e-48	0.472378906355946	0.537	0.461	2.19261533816942e-43	c7	CYLD
2.35876077233819e-47	0.439255142833306	0.566	0.487	7.91081187826781e-43	c7	ATRX
3.41313689084001e-47	0.350112793512306	0.654	0.591	1.14469785044992e-42	c7	DYNLRB1
3.91614489211746e-47	0.337382951693968	0.689	0.62	1.31339667391835e-42	c7	DPP7
3.98130508250338e-47	0.359748550681377	0.66	0.591	1.33525009856998e-42	c7	RCSD1
5.58501222546097e-47	0.527251767021923	0.341	0.252	1.8731014001751e-42	c7	FAM173A
8.13212236187858e-47	0.194969454270171	0.978	0.954	2.72735119772684e-42	c7	DUSP1
9.07639599307516e-47	0.593431006972122	0.344	0.26	3.04404168815755e-42	c7	CLIP1
1.29599037570675e-46	0.537146690772143	0.39	0.303	4.34649252204528e-42	c7	GALM
1.32874836353221e-46	0.44098203700214	0.584	0.511	4.45635626161434e-42	c7	SLFN5
1.49703937322312e-46	0.458761197084467	0.592	0.517	5.0207706499157e-42	c7	CREM
1.67355273396818e-46	0.398866303436196	0.62	0.546	5.61276115918247e-42	c7	SCAND1
1.92263532482421e-46	0.493742158817466	0.437	0.352	6.44813435239545e-42	c7	NCKAP1L
4.96635193971679e-46	0.439137629545717	0.521	0.437	1.66561511354222e-41	c7	CYBC1
5.86779263146885e-46	0.336134649573842	0.728	0.684	1.96794029274202e-41	c7	IL2RG
5.87915398938822e-46	0.449161248948919	0.49	0.409	1.97175066496102e-41	c7	IGBP1
7.71127895464441e-46	0.601516556335947	0.338	0.255	2.58620873580864e-41	c7	MAN2B1
8.44164852351878e-46	0.496714843170955	0.443	0.355	2.83116008181773e-41	c7	STN1
1.24600415559725e-45	0.26816337007188	0.765	0.699	4.17884873704205e-41	c7	WDR1
1.97813985295914e-45	0.116824832123333	0.995	0.995	6.63428543885437e-41	c7	RACK1
2.02013977718437e-45	0.520102828630344	0.418	0.335	6.77514478472094e-41	c7	TM9SF2
4.24284314208773e-45	0.399309593529413	0.558	0.484	1.42296473299338e-40	c7	CCNDBP1
8.86771934622031e-45	0.463644670865346	0.464	0.377	2.97405571433537e-40	c7	PTPN2
7.73115280499984e-44	0.285876275363083	0.702	0.633	2.59287402774085e-39	c7	PSMB3
8.93173434442152e-44	0.529675581842811	0.346	0.263	2.99552506443209e-39	c7	RASGRP1
9.67225818170212e-44	0.316397901707346	0.823	0.794	3.24388194897926e-39	c7	ENO1
1.00516268685905e-43	0.207753916700478	0.887	0.866	3.37111461918787e-39	c7	UBL5
1.02946176154516e-43	0.596189592414313	0.314	0.234	3.45260885587017e-39	c7	RAP1GDS1
1.22580377670012e-43	0.245113561301582	0.875	0.847	4.11110070629687e-39	c7	LIMD2
1.30403271316873e-43	0.195758221201047	0.924	0.906	4.37346491342529e-39	c7	CNBP
1.4152139218461e-43	0.266894139529472	0.781	0.728	4.74634445108746e-39	c7	ATP5IF1
2.59794404157048e-43	0.545824044341687	0.385	0.304	8.71298472661909e-39	c7	STARD7
1.22356504224464e-42	0.438833609952397	0.437	0.347	4.10359243868006e-38	c7	TXNDC17
1.29880578975032e-42	0.462986336062767	0.451	0.368	4.35593485766461e-38	c7	JAK3
1.66520679236227e-42	0.14122971435703	0.982	0.981	5.58477054022457e-38	c7	EEF2
2.49749357393365e-42	0.54532493442923	0.361	0.279	8.37609394825866e-38	c7	B4GALT3
2.72857493251425e-42	0.381089233539383	0.598	0.527	9.1510946086663e-38	c7	G3BP2
6.14346770810758e-42	0.365217994439669	0.608	0.539	2.06039619994512e-37	c7	PET100
7.54684077122581e-42	0.562062989701728	0.401	0.322	2.53105945785371e-37	c7	S1PR4
8.02068231655602e-42	0.31358673259136	0.651	0.584	2.68997643532656e-37	c7	TAX1BP1
9.81526117460772e-42	0.443596609683542	0.494	0.414	3.29184229273994e-37	c7	WNK1
2.53409746582079e-41	0.485587269847629	0.514	0.441	8.49885608086978e-37	c7	IKZF3
3.03014756300691e-41	0.447739569014601	0.512	0.434	1.01625088968126e-36	c7	RABGAP1L
3.71356097104758e-41	0.453252983888732	0.648	0.585	1.24545407846994e-36	c7	BAX
4.07067432027924e-41	0.505774956705751	0.368	0.287	1.36522275353525e-36	c7	UBL7
1.11796367698355e-40	0.372373976586648	0.569	0.493	3.74942657986742e-36	c7	NDUFB1
2.80120910333731e-40	0.409732561978089	0.594	0.53	9.39469509077269e-36	c7	TRIM22
3.20265702533472e-40	0.183454501132851	0.772	0.698	1.07410711315676e-35	c7	NFKBIA
3.96805627603816e-40	0.252175057289729	0.74	0.678	1.33080671385768e-35	c7	DYNLL1
8.63895758769696e-40	0.198196305321245	0.876	0.862	2.89733359576181e-35	c7	EDF1
1.49419429158218e-39	0.196634111416714	0.835	0.79	5.01122881510832e-35	c7	COX8A
1.66090474269704e-39	0.635786637841141	0.344	0.271	5.57034232605734e-35	c7	MAP2K3
1.79468170360639e-39	0.249720924915901	0.785	0.747	6.01900349755513e-35	c7	UQCR10
2.4970104548362e-39	0.441055232159725	0.425	0.345	8.37447366342965e-35	c7	NT5C
4.19054624191937e-39	0.336083068852894	0.465	0.375	1.40542539861492e-34	c7	SH2D1A
7.79307394583168e-39	0.153487214731135	0.97	0.967	2.61364113995303e-34	c7	H3F3A
9.1226929297286e-39	0.122718561450633	0.986	0.986	3.05956875477238e-34	c7	SERF2
1.15993988215493e-38	0.521306074170984	0.347	0.268	3.8902063767712e-34	c7	NBR1
1.73538832488804e-38	0.391328672801237	0.524	0.45	5.82014536400952e-34	c7	C4orf48
2.01843280025212e-38	0.532652954239673	0.314	0.237	6.76941992548556e-34	c7	MICAL1
2.21978304402736e-38	0.558909343970337	0.321	0.245	7.44470837305896e-34	c7	NT5C3A
2.89715188033853e-38	0.151216422200489	0.955	0.955	9.71646797627935e-34	c7	COX7C
3.26650388531937e-38	0.291541711098414	0.694	0.648	1.09552007305841e-33	c7	LAMTOR4
3.88747285127065e-38	0.526802349545727	0.4	0.322	1.30378064485915e-33	c7	HPRT1
4.03909456209878e-38	0.374409937093361	0.542	0.467	1.35463153423669e-33	c7	ANXA7
5.54562617475273e-38	0.354076103640631	0.553	0.479	1.85989210648857e-33	c7	CLTB
6.22660113129648e-38	0.292997924068698	0.699	0.642	2.08827748741421e-33	c7	N4BP2L2
7.49792530476641e-38	0.116848062229556	0.995	0.995	2.51465418871256e-33	c7	ACTG1
7.51020817392813e-38	0.466416971000254	0.39	0.31	2.51877361737202e-33	c7	YIPF3
1.48222752084536e-37	0.526016956203041	0.317	0.24	4.97109465941115e-33	c7	RFTN1
1.60390078390191e-37	0.231451374839168	0.775	0.714	5.37916244905022e-33	c7	PPP1R18
3.15736185283404e-37	0.229961633057162	0.793	0.757	1.05891601820348e-32	c7	BRK1
4.63948021693777e-37	0.317318946704834	0.651	0.592	1.55598887515659e-32	c7	EML4
7.24233955152244e-37	0.347047161768694	0.559	0.492	2.4289358387896e-32	c7	GRB2
1.23652761822331e-36	0.183546961119414	0.921	0.906	4.14706632599735e-32	c7	EIF3K
1.37395202468503e-36	0.243262748673655	0.802	0.774	4.60796030038866e-32	c7	SRSF5
1.62566328380701e-36	0.405132570261079	0.501	0.427	5.45214952123193e-32	c7	MRPS6
1.65788899867102e-36	0.451585808075236	0.461	0.392	5.56022812374287e-32	c7	GRSF1
2.32272109633732e-36	0.296665439224778	0.624	0.537	7.7899420128961e-32	c7	TPM4
3.36243756839452e-36	0.56768016156161	0.311	0.238	1.12769431168816e-31	c7	RALGDS
3.62607399217594e-36	0.552544644037243	0.33	0.257	1.21611269549597e-31	c7	RNF145
5.63080350138103e-36	0.461788733776208	0.402	0.327	1.88845887829317e-31	c7	PIH1D1
6.02390775375251e-36	0.144633333594367	0.939	0.931	2.02029818245352e-31	c7	SRP14
8.54542607958171e-36	0.461135989796069	0.418	0.344	2.86596499857011e-31	c7	LYPLA1
1.03728554372131e-35	0.372502273826017	0.602	0.54	3.47884825653252e-31	c7	SNX6
1.21722923362139e-35	0.537602411589006	0.321	0.249	4.08234340371943e-31	c7	CHMP7
3.13472390019559e-35	0.512328675548658	0.343	0.27	1.0513237016476e-30	c7	FAM104A
3.74445539048171e-35	0.35986444208765	0.493	0.413	1.25581544885976e-30	c7	RNF19A
7.1437253530824e-35	0.4836640207808	0.367	0.293	2.39586260891677e-30	c7	TMEM134
9.88485275263925e-35	0.395421560856961	0.585	0.523	3.31518191618015e-30	c7	SMCHD1
1.26506895761054e-34	0.474574517261885	0.571	0.507	4.24278827003421e-30	c7	TRBC1
1.44622079164304e-34	0.280429742256608	0.673	0.608	4.85033529101244e-30	c7	OTUB1
1.48126446635146e-34	0.448619499952946	0.354	0.278	4.96786476724953e-30	c7	SELENOM
1.66402932542059e-34	0.515438189140852	0.439	0.368	5.58082155159559e-30	c7	GLUD1
3.44432662681315e-34	0.250818272235717	0.714	0.664	1.15515826410059e-29	c7	GABARAPL2
3.76779587820068e-34	0.316024910237177	0.564	0.497	1.26364338163094e-29	c7	SCAMP2
4.19526709470818e-34	0.348325621129783	0.587	0.527	1.40700867822323e-29	c7	SEC11A
5.11769073687985e-34	0.302350101403596	0.587	0.52	1.71637111933476e-29	c7	CASP4
7.0085914844067e-34	0.180022009074257	0.908	0.9	2.35054141204032e-29	c7	DAZAP2
2.2554104265563e-33	0.439979998782487	0.496	0.43	7.56419548858452e-29	c7	ITK
2.8431792522326e-33	0.487674510194191	0.322	0.249	9.53545457613769e-29	c7	HBP1
4.01448167200152e-33	0.536529452953235	0.335	0.266	1.34637686315587e-28	c7	ANKRD10
4.30391233165976e-33	0.272287032821158	0.706	0.655	1.44344611779205e-28	c7	SELENOW
4.46720866501326e-33	0.571732194595945	0.306	0.239	1.49821244207215e-28	c7	MAN1A2
5.97703026033167e-33	0.479356392577318	0.376	0.306	2.00457640871004e-28	c7	MOB3A
7.49854068489774e-33	0.468378293114633	0.356	0.282	2.514860574901e-28	c7	MTERF4
8.4204187114581e-33	0.119047819890304	0.931	0.874	2.82404002744882e-28	c7	TSC22D3
1.89984461181961e-32	0.528110797089091	0.319	0.248	6.37169885912061e-28	c7	ORMDL3
2.70441960892022e-32	0.739400307558222	0.319	0.255	9.07008248439662e-28	c7	CISH
2.83285503947101e-32	0.383295344649643	0.561	0.499	9.50082923137786e-28	c7	HSPB1
4.00347068456363e-32	0.291039822989665	0.639	0.585	1.34268399818895e-27	c7	NDUFA13
5.15254544036512e-32	0.294343098534775	0.64	0.585	1.72806068978965e-27	c7	FMNL1
5.38016748845182e-32	0.277194079968049	0.632	0.563	1.80440057227697e-27	c7	PPP4C
6.40994755565545e-32	0.344299614177387	0.537	0.472	2.14976821121572e-27	c7	SYF2
1.10521565580754e-31	0.505546284023997	0.417	0.338	3.70667226644734e-27	c7	HLA-DRB1
1.58907696316425e-31	0.387862591680498	0.44	0.371	5.32944631906025e-27	c7	PYHIN1
1.7186958177281e-31	0.501780561888533	0.327	0.258	5.7641620334965e-27	c7	SAR1B
1.86297417228706e-31	0.355065629719492	0.482	0.412	6.24804277901633e-27	c7	TMBIM4
1.89132937990944e-31	0.507828728244732	0.308	0.241	6.34314047434026e-27	c7	BABAM2
2.23294898225813e-31	0.320773595392875	0.565	0.493	7.4888642966973e-27	c7	RAB11B
2.88178804069506e-31	0.346469601018949	0.525	0.459	9.66494073088309e-27	c7	ARHGAP4
3.20519759496401e-31	0.457545457915065	0.303	0.232	1.07495916939903e-26	c7	AHR
3.27270555094427e-31	0.140665728348569	0.971	0.977	1.09759998767569e-26	c7	DDX5
4.24720878988783e-31	0.256245393832181	0.729	0.69	1.42442888395258e-26	c7	SNU13
5.33331622613195e-31	0.311033086275363	0.588	0.523	1.78868759592013e-26	c7	NME3
5.37095725709375e-31	0.483940626326029	0.337	0.269	1.8013116448841e-26	c7	GNG10
1.10598501666861e-30	0.372197900879109	0.463	0.392	3.70925254890319e-26	c7	TADA3
1.44888102250225e-30	0.201420437259829	0.766	0.712	4.85925717326806e-26	c7	PSMB8
1.55205976776287e-30	0.391230168444045	0.467	0.399	5.20529804912313e-26	c7	MYCBP2
1.65303760231386e-30	0.220518201242931	0.793	0.775	5.54395751064023e-26	c7	ANAPC16
2.1248340008825e-30	0.221257634445707	0.757	0.727	7.12626827215972e-26	c7	FKBP8
2.54277078105152e-30	0.124665216093907	0.98	0.982	8.5279446454906e-26	c7	MYL6
3.58351028691521e-30	0.624598989132252	0.36	0.295	1.20183768002562e-25	c7	IFI6
3.93521166523372e-30	0.304360624296531	0.613	0.557	1.31979128828609e-25	c7	AUP1
4.36446307223344e-30	0.248866327676474	0.692	0.645	1.46375362516565e-25	c7	DDX17
5.50676563135129e-30	0.2672986238075	0.721	0.67	1.8468590574426e-25	c7	PPP1R2
9.76875098084107e-30	0.388178095571275	0.416	0.345	3.27624370395448e-25	c7	PQBP1
1.16261893405332e-29	0.326543724909205	0.549	0.488	3.89919138102803e-25	c7	TSPO
1.45022039040781e-29	0.122621567547699	0.987	0.991	4.86374914534971e-25	c7	EEF1D
1.99223855292963e-29	0.402070390404988	0.461	0.394	6.68156965881539e-25	c7	AC243960.1
2.11859898612966e-29	0.492416668041532	0.407	0.342	7.10535727968164e-25	c7	ARID5A
2.21046340817684e-29	0.0971516032609978	0.931	0.889	7.41345217834349e-25	c7	CD7
2.24767584416513e-29	0.166327803200875	0.874	0.856	7.538255246161e-25	c7	TRIR
2.3674932215678e-29	0.395472406936743	0.437	0.367	7.94009876649408e-25	c7	SDHA
2.77359631444317e-29	0.358550930959852	0.464	0.397	9.3020873193795e-25	c7	MGAT1
3.00713072375824e-29	0.301689814773243	0.593	0.536	1.00853150213404e-24	c7	SNRPN
3.61810307632415e-29	0.343010423822259	0.469	0.398	1.21343940973759e-24	c7	LAPTM4A
4.81625484529726e-29	0.291947509862239	0.591	0.531	1.6152755500158e-24	c7	MPHOSPH8
5.59247029717482e-29	0.256047010848463	0.651	0.59	1.87560268826649e-24	c7	FAM49B
5.6093939066219e-29	0.21376537026614	0.86	0.827	1.88127852840285e-24	c7	TRBC2
5.7746189803097e-29	0.241113797121019	0.728	0.678	1.93669171361627e-24	c7	EID1
6.4597440594785e-29	0.464199089140487	0.348	0.281	2.1664689626679e-24	c7	COMMD7
1.23058805975078e-28	0.291109690089268	0.614	0.561	4.12714623479215e-24	c7	OCIAD2
2.22298478746274e-28	0.240747065183821	0.713	0.673	7.45544638019253e-24	c7	TMEM50A
2.37768416218841e-28	0.415578098658079	0.436	0.371	7.9742771431475e-24	c7	PHIP
3.98895986610654e-28	0.433258488734444	0.443	0.381	1.33781735989481e-23	c7	CYTH1
4.22383359872849e-28	0.29373079078526	0.586	0.525	1.41658931234156e-23	c7	PSMC5
5.98972255561779e-28	0.327917970415239	0.596	0.55	2.00883315070309e-23	c7	CMTM3
6.19147163831349e-28	0.442006459165242	0.475	0.414	2.07649575805758e-23	c7	CCND2
6.46414477766614e-28	0.360487000187096	0.497	0.432	2.16794487553367e-23	c7	MVP
7.17383467583323e-28	0.147368188671265	0.928	0.92	2.40596067358095e-23	c7	SLC25A6
8.78759634611488e-28	0.410770496461448	0.38	0.313	2.94718406256001e-23	c7	NRDC
9.37027956523263e-28	0.232862911308682	0.595	0.53	3.14260436058772e-23	c7	PPP1CC
1.11108035402649e-27	0.448667210249227	0.327	0.262	3.72634129133405e-23	c7	CDV3
1.13841141146318e-27	0.457064111886146	0.335	0.27	3.8180041917652e-23	c7	PCSK7
1.21174443281034e-27	0.370672021538248	0.455	0.392	4.06394847875933e-23	c7	TANK
1.39994213144859e-27	0.0913997244553189	0.99	0.993	4.69512592045228e-23	c7	RPL24
1.53231519417423e-27	0.284481128833111	0.664	0.619	5.13907869822154e-23	c7	TCEA1
2.38651587559615e-27	0.375904785044815	0.448	0.382	8.00389694357436e-23	c7	VPS13C
2.6956236431213e-27	0.435905445728957	0.374	0.311	9.04058257430023e-23	c7	PLSCR3
3.46225400532318e-27	0.33358447186017	0.5	0.428	1.16117074830529e-22	c7	LBR
4.62897492604205e-27	0.267052724025473	0.61	0.553	1.55246561069598e-22	c7	UBE2N
4.85919338082241e-27	0.22457821518027	0.743	0.713	1.62967627606022e-22	c7	C19orf53
8.99670203241682e-27	0.371251202032791	0.467	0.407	3.01731392763195e-22	c7	TGOLN2
9.32008920605414e-27	0.23201253373996	0.738	0.724	3.12577151792644e-22	c7	ANXA11
1.16576911027881e-26	0.410140894820154	0.41	0.347	3.90975644205307e-22	c7	NECAP2
1.49129497869817e-26	0.449818221038535	0.312	0.249	5.00150509955793e-22	c7	MORC3
1.87948787769353e-26	0.444670243217358	0.335	0.271	6.30342644420856e-22	c7	DCP2
1.94916439190997e-26	0.370558497170167	0.405	0.339	6.53710753758766e-22	c7	FLOT2
2.0997272867235e-26	0.448136564748796	0.315	0.251	7.04206537421326e-22	c7	LTA4H
2.18320084915268e-26	0.381497064348933	0.415	0.349	7.32201900788827e-22	c7	AKIRIN2
2.37073474171024e-26	0.247482110676871	0.676	0.628	7.95097017674779e-22	c7	CSNK2B
2.43265610393096e-26	0.321213908956388	0.47	0.402	8.15864204136366e-22	c7	FDFT1
3.0547980013473e-26	0.200937154212448	0.768	0.745	1.02451815369186e-21	c7	TMEM59
3.22464576059981e-26	0.398774980971361	0.504	0.442	1.08148169518997e-21	c7	ISG15
4.05884678618393e-26	0.263006576485567	0.6	0.543	1.36125603515037e-21	c7	NDUFS7
4.98145646087685e-26	0.263984288759705	0.665	0.623	1.67068086784888e-21	c7	SF3B1
8.1339629055818e-26	0.210257727575422	0.751	0.723	2.72796847927402e-21	c7	CSDE1
1.00029873277212e-25	0.276656395329178	0.756	0.72	3.35480188997113e-21	c7	AES
1.06133254553669e-25	0.480495297953133	0.304	0.242	3.55949709122094e-21	c7	DCPS
1.44267703821107e-25	0.2494211599936	0.65	0.6	4.8384502507523e-21	c7	PSMD8
1.653760363447e-25	0.359487267605894	0.429	0.362	5.54638150692854e-21	c7	PSMB4
1.84343593211957e-25	0.36149761960408	0.341	0.274	6.1825154291426e-21	c7	KLF2
2.06684321822425e-25	0.265458841143427	0.726	0.697	6.9317787852805e-21	c7	ITM2A
2.79326025417562e-25	0.305015523813155	0.53	0.473	9.36803624045418e-21	c7	CHMP2A
3.60571911224843e-25	0.188363687421164	0.768	0.737	1.20928607586588e-20	c7	TMEM258
3.83004660886952e-25	0.21648532866998	0.712	0.667	1.28452103168266e-20	c7	ARF5
4.29073332633618e-25	0.213313092032062	0.703	0.659	1.43902614298663e-20	c7	COX5A
4.32284759729969e-25	0.358489512889107	0.508	0.447	1.44979662718237e-20	c7	WSB1
5.5130714275661e-25	0.427509247297053	0.394	0.334	1.84897389537712e-20	c7	IQGAP2
5.52800794014167e-25	0.269119150602617	0.736	0.704	1.85398330296471e-20	c7	CLDND1
6.4918564866525e-25	0.0528534005781589	0.995	0.991	2.17723882849352e-20	c7	GAPDH
6.84664267385647e-25	0.254281757330661	0.623	0.569	2.29622701995798e-20	c7	SUMO1
9.69246274856096e-25	0.232705886190039	0.682	0.649	3.25065815661237e-20	c7	ATP5F1A
9.73447074628691e-25	0.436885441864418	0.366	0.305	3.2647467988897e-20	c7	IDI1
1.01491958324344e-24	0.246565246666195	0.647	0.6	3.40383729828183e-20	c7	MRPS21
1.24738820851209e-24	0.213180966721449	0.716	0.685	4.18349057370783e-20	c7	PSMB1
1.25882967717385e-24	0.271651584577035	0.607	0.547	4.22186297130567e-20	c7	RORA
1.40144065955186e-24	0.385732022429397	0.532	0.479	4.70015168400502e-20	c7	HERPUD1
1.5386708962942e-24	0.13168518076328	0.879	0.867	5.16039445199148e-20	c7	SUB1
1.66737687863905e-24	0.300021111521889	0.566	0.511	5.59204857557966e-20	c7	FGFR1OP2
1.70595857884227e-24	0.36341399345466	0.432	0.372	5.7214438817212e-20	c7	NUDT5
1.89486920231451e-24	0.243225652533547	0.592	0.529	6.3550123307224e-20	c7	RAD21
2.08216819671571e-24	0.384456179461895	0.364	0.301	6.98317569814514e-20	c7	CD2BP2
2.13004843099372e-24	0.249755677739568	0.693	0.648	7.14375642786673e-20	c7	PNISR
2.1383313574516e-24	0.220684946623842	0.765	0.735	7.17153570662117e-20	c7	SERBP1
2.17116972131819e-24	0.251160311148543	0.641	0.599	7.28166901135695e-20	c7	POLD4
3.22563348974492e-24	0.386823388098391	0.371	0.309	1.08181295979065e-19	c7	SRSF8
4.9082086284292e-24	0.462633137191142	0.323	0.266	1.64611500980259e-19	c7	IL12RB1
7.95221547391883e-24	0.380664129635521	0.353	0.292	2.6670140256429e-19	c7	B3GNT2
1.25782226385706e-23	0.435234174775935	0.339	0.28	4.2184843085238e-19	c7	RSBN1
1.25906011397604e-23	0.1527156116052	0.853	0.835	4.22263581025283e-19	c7	ELOB
1.4577768568337e-23	0.370017840482109	0.4	0.338	4.88909202244886e-19	c7	ATP6V0E2
1.68383499047791e-23	0.22199434607421	0.586	0.524	5.64724579106481e-19	c7	JPT1
1.79259034885571e-23	0.367380530132959	0.375	0.313	6.0119895119923e-19	c7	CD58
2.10380674082472e-23	0.334489350248315	0.454	0.395	7.05574704737796e-19	c7	GLG1
3.23949346196992e-23	0.203345892889577	0.73	0.699	1.08646131727547e-18	c7	WDR83OS
3.6433928968052e-23	0.171527401027594	0.806	0.788	1.22192110973053e-18	c7	RNASEK
3.75667356367516e-23	0.255381138196079	0.641	0.596	1.25991317978537e-18	c7	RNASET2
6.79710370881678e-23	0.243864583247872	0.675	0.625	2.27961264186297e-18	c7	TAP1
6.94927193919286e-23	0.203005190350912	0.594	0.544	2.3306468229665e-18	c7	ARL6IP1
7.92794211263042e-23	0.425737483236083	0.377	0.319	2.65887322573399e-18	c7	CASP8
8.00562450023822e-23	0.401749387416583	0.345	0.288	2.68492634488989e-18	c7	GMIP
9.24554115529302e-23	0.442422698278734	0.323	0.265	3.10076959266217e-18	c7	TRIM69
9.28370962069264e-23	0.183950058086903	0.787	0.765	3.1135705325879e-18	c7	APBB1IP
1.02190645247406e-22	0.354112043981875	0.388	0.328	3.42726986030749e-18	c7	ARHGAP25
1.41931847166827e-22	0.261876180694203	0.492	0.431	4.76011029028106e-18	c7	CXCR6
1.78559708115637e-22	0.393680750319845	0.377	0.322	5.98853549078222e-18	c7	TRAPPC4
1.88006597686388e-22	0.451377078145641	0.316	0.261	6.30536527320609e-18	c7	CHMP3
2.3614639658788e-22	0.44078367483394	0.301	0.246	7.91987784876432e-18	c7	TBC1D5
2.5739501932517e-22	0.437474297403788	0.342	0.285	8.63251415812757e-18	c7	CCDC91
2.59729043806852e-22	0.415511075219746	0.301	0.244	8.71079267119421e-18	c7	WIPI2
2.63341597914721e-22	0.284400692522332	0.629	0.591	8.83195051086391e-18	c7	SP100
2.75663753507853e-22	0.299894630010856	0.49	0.43	9.24521096514636e-18	c7	GPRIN3
2.76321460717852e-22	0.312315613821723	0.504	0.448	9.26726914955531e-18	c7	PNPLA2
2.76700461992958e-22	0.346156703097051	0.383	0.323	9.27998009431984e-18	c7	BTF3L4
2.76972904194616e-22	0.37065488592066	0.383	0.324	9.28911726087904e-18	c7	STAU1
4.1547037323827e-22	0.260787715558485	0.538	0.487	1.39340453776651e-17	c7	LAMTOR1
6.88096157226247e-22	0.338196965636974	0.36	0.295	2.30773689210539e-17	c7	TSPYL2
7.46335957328579e-22	0.376684106504002	0.341	0.283	2.50306153368859e-17	c7	UBA1
7.46461565939904e-22	0.173001539370808	0.811	0.789	2.50348279984925e-17	c7	EIF3L
1.00313232142297e-21	0.317947779454092	0.461	0.405	3.36430517958836e-17	c7	DAP3
1.17631954841777e-21	0.38047869427675	0.329	0.27	3.94514050148351e-17	c7	USP4
1.37960298459701e-21	0.133384362181788	0.983	0.986	4.62691248974145e-17	c7	FTL
1.63555865917872e-21	0.217730232750729	0.671	0.635	5.4853366311536e-17	c7	NDUFB4
1.80001174521495e-21	0.462258592149367	0.321	0.266	6.0368793911019e-17	c7	TNIP2
2.23185255183864e-21	0.191379174512126	0.739	0.705	7.48518708835641e-17	c7	GNG5
2.41984664808497e-21	0.443121165549609	0.32	0.264	8.11568168834736e-17	c7	SAMD9
3.24703365636607e-21	0.243814094113017	0.607	0.562	1.08899014767205e-16	c7	EPC1
3.38331447940613e-21	0.217297541600726	0.64	0.588	1.13469601010323e-16	c7	CBX3
3.64689393192721e-21	0.337229054512375	0.4	0.341	1.22309528688975e-16	c7	DECR1
3.99325460582795e-21	0.304710022688824	0.429	0.37	1.33925772970258e-16	c7	ZMAT2
4.27682617341068e-21	0.263275357466624	0.583	0.535	1.43436196203847e-16	c7	FIS1
5.22317598121601e-21	0.377046440111211	0.344	0.29	1.75174876058023e-16	c7	HADHB
6.37622044893962e-21	0.406118213800828	0.302	0.246	2.13845681416537e-16	c7	USF2
6.45762410196682e-21	0.186493992676809	0.719	0.681	2.16575797131763e-16	c7	SEM1
6.69156459734783e-21	0.309454104528621	0.435	0.378	2.24421693465852e-16	c7	OS9
7.36779131045594e-21	0.337227728010979	0.43	0.371	2.47100984970071e-16	c7	RCAN3
7.51943782572269e-21	0.346240652889881	0.373	0.315	2.52186905799088e-16	c7	ZNF638
7.86416694392461e-21	0.228456967417845	0.646	0.604	2.63748430965344e-16	c7	TBCA
8.01998126099113e-21	0.360381787471359	0.361	0.305	2.68974131531121e-16	c7	CWC15
8.52451699906873e-21	0.368864060305571	0.379	0.324	2.85895251114767e-16	c7	ALDH9A1
8.67015832047816e-21	0.0316066462472437	0.717	0.635	2.90779769752197e-16	c7	RGCC
8.94244625425476e-21	0.335498269204089	0.451	0.397	2.99911762475196e-16	c7	LRPAP1
9.65676395906187e-21	0.33971041716566	0.371	0.314	3.23868549659017e-16	c7	EMC6
1.01787707158126e-20	0.280229884431078	0.443	0.38	3.41375612266925e-16	c7	CCDC69
1.20802514015621e-20	0.239338286055159	0.659	0.621	4.0514747150559e-16	c7	ETS1
1.44798806727515e-20	0.300856463115174	0.497	0.445	4.85626238002741e-16	c7	WBP2
1.44811331596032e-20	0.374224409905815	0.344	0.288	4.85668243906771e-16	c7	SNX2
1.84540059773777e-20	0.250519116665058	0.607	0.562	6.18910452469294e-16	c7	ARGLU1
2.01784660659172e-20	0.255735450199904	0.549	0.497	6.7674539491873e-16	c7	C1orf43
3.12841606220166e-20	0.30572557633329	0.448	0.393	1.04920817894119e-15	c7	PPP1R7
3.81174606060362e-20	0.212469860762685	0.656	0.615	1.27838339380524e-15	c7	CD164
4.71602785129915e-20	0.272561762086351	0.523	0.468	1.58166142076871e-15	c7	NDUFS6
5.56830098505656e-20	0.286844423025925	0.54	0.495	1.86749678436827e-15	c7	COX17
5.98088146940688e-20	0.280549860159273	0.528	0.476	2.00586802720968e-15	c7	HNRNPH3
6.65739613586066e-20	0.242783654070275	0.563	0.511	2.23275751604495e-15	c7	ANP32A
1.3495279407876e-19	0.401844299575222	0.342	0.291	4.52604680781347e-15	c7	SPPL2A
1.37318549052753e-19	0.22185173720788	0.605	0.554	4.60538949813123e-15	c7	AP2M1
1.38316145239837e-19	0.0874303065126969	0.983	0.983	4.63884687905364e-15	c7	CORO1A
1.4169488690247e-19	0.265551156456676	0.534	0.483	4.75216311693502e-15	c7	RBM4
1.56045582738385e-19	0.387630847680071	0.326	0.273	5.23345675387995e-15	c7	EXOSC1
2.14380885141641e-19	0.161800080386323	0.805	0.794	7.18990612588035e-15	c7	EIF3G
2.26752970539445e-19	0.34389112380858	0.392	0.339	7.60484112595189e-15	c7	RILPL2
2.31425121023487e-19	0.212227968975368	0.669	0.627	7.76153570888571e-15	c7	RTRAF
2.46011075254644e-19	0.256533986598347	0.567	0.517	8.25071944189024e-15	c7	GRK6
2.7899007232115e-19	0.238639834158306	0.528	0.474	9.35676904550673e-15	c7	ZNF207
2.90564517566178e-19	0.240939849243128	0.586	0.533	9.74495279013447e-15	c7	KPNB1
3.33104660543707e-19	0.32121504827819	0.409	0.355	1.11716641053148e-14	c7	C14orf119
3.78229021743923e-19	0.237335925734191	0.596	0.556	1.26850449312477e-14	c7	PSMB6
4.14371848265248e-19	0.419624397755989	0.308	0.259	1.38972030471199e-14	c7	DCAF11
4.36574391701711e-19	0.256844335564769	0.481	0.416	1.4641831948892e-14	c7	YWHAE
4.75615483592262e-19	0.197937449778443	0.652	0.606	1.59511920887173e-14	c7	PSMA5
4.96982077176426e-19	0.211675881427918	0.721	0.704	1.6667784904343e-14	c7	HLA-F
5.63288355831813e-19	0.41159652408026	0.301	0.251	1.88915648778873e-14	c7	TSR2
5.85601176154923e-19	0.262761547428465	0.516	0.467	1.96398922458838e-14	c7	MAPK1IP1L
6.85182712336949e-19	0.160517097876896	0.896	0.901	2.29796578063566e-14	c7	FYB1
8.96372185927065e-19	0.250515010517919	0.623	0.592	3.00625303716219e-14	c7	RASSF5
9.87904433100893e-19	0.253254480858556	0.502	0.447	3.31323388773378e-14	c7	SERINC1
1.06261743060518e-18	0.270622523685934	0.535	0.486	3.56380633876366e-14	c7	ZNHIT1
1.18627586966317e-18	0.290775161944577	0.458	0.405	3.97853201167633e-14	c7	NDUFB5
1.2099396169499e-18	0.164947292967447	0.819	0.811	4.05789548732658e-14	c7	SON
1.26043236353241e-18	0.412834549572032	0.3	0.249	4.22723806081498e-14	c7	PNKP
1.37094014642902e-18	0.25504674620783	0.528	0.479	4.59785906309366e-14	c7	ERGIC3
1.41210396683088e-18	0.23312747002092	0.573	0.527	4.73591428395739e-14	c7	EIF2S3
1.67762737925073e-18	0.181896769304465	0.734	0.704	5.62642670453111e-14	c7	XRCC6
1.70022558515698e-18	0.172562725033661	0.76	0.736	5.70221656749947e-14	c7	TRAPPC1
2.00696997937507e-18	0.32212696958564	0.427	0.377	6.7309759168281e-14	c7	DENND1C
2.55862581145315e-18	0.301529788629068	0.419	0.367	8.58111924645156e-14	c7	EMC10
3.46352748575285e-18	0.295276185709973	0.49	0.444	1.16159784817179e-13	c7	DNAJA2
3.49468075328021e-18	0.186155430111909	0.67	0.626	1.17204603103512e-13	c7	ERH
3.56746579888262e-18	0.187377118198195	0.727	0.705	1.19645667962925e-13	c7	PEBP1
3.6597412283238e-18	0.259326465406992	0.502	0.452	1.22740401315524e-13	c7	PPP2CA
4.47445004969498e-18	0.258942856165919	0.497	0.442	1.5006410576667e-13	c7	COPZ1
5.13010449084547e-18	0.176764198212916	0.758	0.719	1.72053444413975e-13	c7	HNRNPA3
5.60915800178822e-18	0.367062203060344	0.316	0.266	1.88119941063973e-13	c7	THOC3
5.89373603100137e-18	0.286548182480665	0.473	0.422	1.97664119007724e-13	c7	RNPEPL1
6.05217648339782e-18	0.351256635795219	0.383	0.33	2.02977894900196e-13	c7	RNF44
7.0212578732595e-18	0.216145268140786	0.611	0.575	2.35478946553377e-13	c7	PPP2R1A
7.24338468223739e-18	0.21228434241261	0.646	0.611	2.42928635472877e-13	c7	SSU72
8.3307820215604e-18	0.267637485394897	0.661	0.641	2.79397767439093e-13	c7	SH2D2A
8.52762241290577e-18	0.302519828302713	0.424	0.371	2.85999400484034e-13	c7	MPG
8.567740732446e-18	0.17845665484896	0.757	0.734	2.87344888684774e-13	c7	ATP6V0C
8.93729615432182e-18	0.344412382058626	0.342	0.291	2.99739038423645e-13	c7	IST1
9.64310438683852e-18	0.25572076687682	0.502	0.45	3.2341043492579e-13	c7	ADRM1
1.05001728960982e-17	0.176039782069476	0.816	0.794	3.52154798589342e-13	c7	SF1
1.26860553990809e-17	0.280898993655933	0.471	0.422	4.25464925974374e-13	c7	DNAJC15
1.33978281632349e-17	0.147331129071001	0.792	0.769	4.49336360938572e-13	c7	HIGD2A
1.88882148752987e-17	0.252836522948885	0.373	0.317	6.33472950487768e-13	c7	RIPOR2
2.00002249427454e-17	0.0975897074535692	0.974	0.978	6.70767544129796e-13	c7	HNRNPA1
2.35094437372731e-17	0.33802122773979	0.379	0.327	7.88459724060666e-13	c7	OGA
2.35141429292938e-17	0.29432263573214	0.473	0.425	7.88617325562655e-13	c7	SP110
2.48017927162883e-17	0.285683998714642	0.463	0.414	8.31802524118877e-13	c7	CCDC12
2.50877324601061e-17	0.358986706267236	0.324	0.273	8.41392371247039e-13	c7	DPYD
2.97867289115206e-17	0.296988776742152	0.439	0.391	9.98987314234579e-13	c7	YY1
2.99017543399689e-17	0.394701165886948	0.381	0.332	1.00284503705388e-12	c7	OGT
3.46538537715665e-17	0.331379417757798	0.388	0.339	1.1622209477908e-12	c7	PSMD11
3.64770792362342e-17	0.249941860151874	0.528	0.48	1.22336828342482e-12	c7	POLR3GL
4.32771963897666e-17	0.261071442956852	0.458	0.403	1.45143061251999e-12	c7	HLA-DPA1
4.33637999109446e-17	0.340804262451007	0.342	0.292	1.45433512141326e-12	c7	NFYC
4.99372680567569e-17	0.264800559735958	0.547	0.499	1.67479609608751e-12	c7	GATA3
6.350588611425e-17	0.193139371174666	0.714	0.684	2.12986040849972e-12	c7	SAMSN1
7.51407902505342e-17	0.337773761081929	0.356	0.305	2.52007182342242e-12	c7	C7orf50
7.9971094801833e-17	0.23182509167708	0.348	0.289	2.68207057746387e-12	c7	CARHSP1
8.31767638692265e-17	0.325412521408806	0.367	0.316	2.78958230664612e-12	c7	COMT
1.0595224246607e-16	0.155020355384829	0.798	0.771	3.55342630782704e-12	c7	STK17B
1.15250735985876e-16	0.208518336213904	0.492	0.434	3.86527918349431e-12	c7	H2AFY
1.57523908584889e-16	0.155275175065749	0.742	0.716	5.28303684612002e-12	c7	ATP5MF
1.68497371868108e-16	0.261937419231644	0.505	0.46	5.6510648577126e-12	c7	SMIM26
1.9698162974048e-16	0.211451557739384	0.618	0.583	6.60636989823622e-12	c7	TUFM
2.18004413415614e-16	0.256963064811761	0.482	0.438	7.31143201713286e-12	c7	PSMD4
2.32378783707178e-16	0.34246089264534	0.363	0.315	7.79351964797132e-12	c7	SDF2
2.5210330290959e-16	0.31937570904009	0.374	0.325	8.45504057298183e-12	c7	EAPP
2.78281366452935e-16	0.384210117185663	0.344	0.3	9.33300046809855e-12	c7	SRPK2
3.34026417958282e-16	0.23294863711825	0.576	0.533	1.12025780054849e-11	c7	NAP1L4
3.50070909529206e-16	0.331012979064141	0.365	0.314	1.17406781637905e-11	c7	TRAPPC5
3.71093898848732e-16	0.329672032312557	0.345	0.296	1.24457471795888e-11	c7	BUD23
4.25024679380871e-16	0.325475219835117	0.414	0.365	1.42544776970757e-11	c7	CCDC88C
4.50133158304937e-16	0.320853394639715	0.355	0.306	1.5096565863231e-11	c7	SEPHS2
5.76120760642716e-16	0.306991155238779	0.359	0.31	1.93219380704354e-11	c7	ARRDC1
6.36066175923356e-16	0.209471768587883	0.563	0.518	2.13323874081175e-11	c7	PDCD6
7.28617884140868e-16	0.278957988041085	0.452	0.405	2.44363865983164e-11	c7	MRFAP1
8.95020567541812e-16	0.405649247244694	0.362	0.317	3.00171997942173e-11	c7	NFKB1
8.99247235726868e-16	0.232107729041474	0.571	0.524	3.01589537918077e-11	c7	HNRNPR
1.10819273670204e-15	0.225385711534378	0.752	0.737	3.71665680035129e-11	c7	PGAM1
1.13928643429527e-15	0.329824328957363	0.336	0.29	3.82093884333949e-11	c7	SUPT5H
1.31797438116938e-15	0.195554681221381	0.651	0.623	4.42022247956588e-11	c7	ECH1
1.36296059843987e-15	0.128422348170201	0.923	0.927	4.57109725504762e-11	c7	COMMD6
1.41348552503277e-15	0.233751273975095	0.533	0.487	4.7405477538549e-11	c7	SF3A1
1.50930556361918e-15	0.30837950130651	0.366	0.317	5.06190899926601e-11	c7	BECN1
1.53499945824613e-15	0.36412431481569	0.43	0.389	5.14808118306586e-11	c7	PHPT1
1.69656707415671e-15	0.161811978946776	0.762	0.748	5.68994665330676e-11	c7	SPCS1
1.77120080528693e-15	0.297474910201211	0.367	0.318	5.9402532607713e-11	c7	CPSF6
1.79385789056857e-15	0.263207888716544	0.468	0.42	6.01624059338889e-11	c7	TMEM248
1.8321937690436e-15	0.0949490568656746	0.95	0.947	6.14481146261843e-11	c7	RHOA
1.89146763035834e-15	0.160438550499215	0.719	0.689	6.3436041386958e-11	c7	TERF2IP
1.92656699521017e-15	0.244839574576411	0.501	0.448	6.46132038853586e-11	c7	IFI16
2.26088423915304e-15	0.25951754387702	0.438	0.387	7.58255356127145e-11	c7	NUDT21
2.27639104444402e-15	0.334727753986574	0.34	0.294	7.63456028485634e-11	c7	CDIPT
2.92075491748933e-15	0.27327494048783	0.423	0.374	9.79562784227571e-11	c7	CRLF3
3.34653857807733e-15	0.246030849468087	0.485	0.437	1.12236210831558e-10	c7	MRPL52
3.40611979799724e-15	0.31135789829113	0.338	0.29	1.14234445785231e-10	c7	GNPTG
4.44021494061685e-15	0.266080370511356	0.463	0.422	1.48915928678408e-10	c7	NRBP1
5.00553312182464e-15	0.317779365726981	0.336	0.29	1.67875569839755e-10	c7	SRA1
5.03914612387996e-15	0.0682593062217989	0.699	0.645	1.69002882702686e-10	c7	H2AFV
7.20237920213563e-15	0.27317992843179	0.395	0.347	2.41553393681225e-10	c7	ASNA1
7.4439277709403e-15	0.147582920796891	0.974	0.974	2.49654449581796e-10	c7	RPS26
8.64456725653896e-15	0.267483829898364	0.46	0.416	2.89921496649804e-10	c7	SERINC3
8.71580343787739e-15	0.231320264972713	0.518	0.47	2.92310615699532e-10	c7	GPBP1
1.0305951152238e-14	0.240629616172757	0.519	0.475	3.4564098974376e-10	c7	TMED9
1.14197212037553e-14	0.197823157284203	0.634	0.609	3.82994609731545e-10	c7	EIF3D
1.39403675685625e-14	0.273066654186551	0.46	0.417	4.67532047514448e-10	c7	BAZ1A
1.45731278146926e-14	0.195598636224296	0.596	0.56	4.88753560649161e-10	c7	DEF6
1.57543581623869e-14	0.279286156064094	0.459	0.415	5.28369664050132e-10	c7	VPS51
1.59307365395766e-14	0.260109673459308	0.448	0.403	5.34285042064321e-10	c7	SHKBP1
1.93765722211065e-14	0.0578920693619214	0.997	0.998	6.4985147915147e-10	c7	PTMA
2.0819748433901e-14	0.235972183970857	0.496	0.45	6.98252722976172e-10	c7	LASP1
2.11531536150894e-14	0.324946062011284	0.35	0.306	7.0943446594287e-10	c7	ASH1L
2.36581543829854e-14	0.26582399216147	0.465	0.418	7.93447181696565e-10	c7	SNRNP70
2.70781350879213e-14	0.324440284704747	0.313	0.268	9.08146494578706e-10	c7	ACTR1B
3.78014176678376e-14	0.247382100371917	0.464	0.416	1.26778394574394e-09	c7	ITSN2
5.55944246765294e-14	0.188766685583958	0.714	0.701	1.86452581480144e-09	c7	IL16
5.7976452261875e-14	0.148171636285148	0.811	0.794	1.94441425595877e-09	c7	SEPT9
7.03279674928075e-14	0.184572006681977	0.537	0.489	2.35865937377378e-09	c7	ARPC5L
7.75018787176111e-14	0.137163427968138	0.829	0.817	2.59925800843124e-09	c7	PTGES3
9.3513972149897e-14	0.307110288489911	0.343	0.297	3.13627159796325e-09	c7	NEDD9
1.06435268479842e-13	0.246446774396303	0.435	0.388	3.56962603427696e-09	c7	CMC2
1.11280965702306e-13	0.24035114941256	0.465	0.418	3.73214102772396e-09	c7	MPC2
1.20583961480448e-13	0.0706695090137256	0.301	0.248	4.04414490013127e-09	c7	PDCD1
1.46425767442578e-13	0.243008860202614	0.386	0.338	4.91082738848918e-09	c7	FAM96A
1.5458002614089e-13	0.331564239975814	0.346	0.304	5.18430491671316e-09	c7	CISD2
2.30245693145409e-13	0.169899511098108	0.647	0.619	7.72198005671071e-09	c7	RHOF
2.33231085408952e-13	0.201649647850462	0.622	0.582	7.82210414244543e-09	c7	AKAP13
2.80084889118315e-13	0.282577953926324	0.431	0.389	9.39348701125006e-09	c7	MESD
2.87411563477766e-13	0.162424799172889	0.74	0.719	9.63920901591732e-09	c7	TBC1D10C
2.90225481940446e-13	0.177650663059589	0.623	0.592	9.73358221331867e-09	c7	VAPA
2.94954750783362e-13	0.318036212205682	0.336	0.292	9.89219243177238e-09	c7	IRF7
3.38419426787105e-13	0.257527298007276	0.447	0.406	1.13499107355859e-08	c7	ANKRD11
3.56964995259299e-13	0.208905077884484	0.496	0.451	1.19718920110064e-08	c7	PSMG2
3.90392175469904e-13	0.217321139577309	0.511	0.471	1.30929727809097e-08	c7	MRPS34
4.024458149312e-13	0.146494206989794	0.704	0.667	1.34972277411626e-08	c7	DBI
4.49637683853507e-13	0.153678948843315	0.705	0.671	1.50799486410789e-08	c7	COPE
5.12977280319913e-13	0.19163731833662	0.544	0.503	1.72042320273692e-08	c7	ARHGAP30
6.23384433418415e-13	0.310684759474703	0.508	0.476	2.09070671279868e-08	c7	BCAS2
6.4269344793385e-13	0.279770357178068	0.4	0.359	2.15546528568055e-08	c7	SYTL1
6.55975939594341e-13	0.317009497634759	0.303	0.262	2.2000121062115e-08	c7	SLC25A38
7.78216223286132e-13	0.27126657709001	0.409	0.367	2.60998156965703e-08	c7	ACADVL
8.28107831502612e-13	0.309609881861376	0.35	0.309	2.77730804529346e-08	c7	TRAPPC2L
9.51343306625127e-13	0.184924746952547	0.612	0.579	3.19061518175935e-08	c7	AIP
1.06713211440801e-12	0.18286162055841	0.631	0.602	3.57894768530158e-08	c7	UFC1
1.2584530223233e-12	0.0777825821738407	0.96	0.958	4.22059974626789e-08	c7	HNRNPA2B1
1.43960174734228e-12	0.336549464897924	0.318	0.277	4.82813634023655e-08	c7	PFDN4
1.46950352263178e-12	0.166452119298179	0.691	0.664	4.92842091420246e-08	c7	KMT2E
1.64159407779565e-12	0.185071204828945	0.565	0.519	5.50557821811105e-08	c7	AURKAIP1
1.76397182150579e-12	0.146210735025862	0.681	0.656	5.91600869496611e-08	c7	JTB
2.03545778916246e-12	0.254027490013403	0.429	0.387	6.82651833329304e-08	c7	PPP6C
2.11660875229741e-12	0.200959126298	0.552	0.516	7.09868243345504e-08	c7	MAX
2.24280186172467e-12	0.265879773455971	0.373	0.331	7.52190888385219e-08	c7	POLR2I
2.48814475944289e-12	0.199768172892902	0.53	0.493	8.34473989421957e-08	c7	EIF1B
2.73326334598099e-12	0.161816194053167	0.746	0.73	9.16681860975105e-08	c7	RBM39
3.03278333494425e-12	0.131319820474054	0.793	0.775	1.0171348748736e-07	c7	ATP5F1D
3.12829075163047e-12	0.276219378750597	0.426	0.387	1.04916615228183e-07	c7	RSBN1L
3.49604678281635e-12	0.259462161376511	0.469	0.432	1.17250417002095e-07	c7	ADAR
3.55707720805481e-12	0.106691857708481	0.859	0.857	1.19297255403742e-07	c7	COX6B1
3.62043398767221e-12	0.0915969980996207	0.952	0.956	1.21422115078551e-07	c7	YWHAZ
3.70346813399345e-12	0.271012118841226	0.351	0.307	1.24206914277872e-07	c7	ACAA1
3.87083826682123e-12	0.225574846430849	0.428	0.385	1.2982017379265e-07	c7	FBXW5
3.9592070899916e-12	0.288128042232956	0.382	0.343	1.32783887384138e-07	c7	ARIH2
4.06900109882162e-12	0.260470750673134	0.404	0.363	1.36466158852279e-07	c7	PHF11
4.34832052780568e-12	0.312227281586599	0.314	0.273	1.45833973861547e-07	c7	PPP2R2A
4.76896988486834e-12	0.218033229506718	0.517	0.48	1.59941711998714e-07	c7	TMC8
5.10155100819108e-12	0.193444344729094	0.534	0.499	1.71095817712712e-07	c7	NDUFAF3
5.10672128893997e-12	0.298044139138333	0.345	0.305	1.71269218588469e-07	c7	DPY30
5.45122091058935e-12	0.131248588137646	0.796	0.789	1.82823046899346e-07	c7	DAD1
5.8299239243623e-12	0.308104849293874	0.302	0.261	1.95523988575263e-07	c7	ARHGEF6
6.77745329324506e-12	0.245870582097896	0.414	0.373	2.27302228548853e-07	c7	COX16
8.16080776618185e-12	0.157013034639974	0.667	0.636	2.73697170862207e-07	c7	BSG
1.06773856990479e-11	0.228369027422682	0.546	0.51	3.58098161574667e-07	c7	ARID4B
1.07010770485664e-11	0.168672396379702	0.584	0.551	3.58892722054821e-07	c7	ROMO1
1.18300638176068e-11	0.168929906948925	0.573	0.532	3.96756680314897e-07	c7	MDH1
1.19886639660385e-11	0.248700223836756	0.407	0.364	4.02075812093e-07	c7	ATF6B
1.25699131694798e-11	0.242672524844857	0.4	0.362	4.21569747878014e-07	c7	EIF4E
1.36282551850883e-11	0.3180122028787	0.3	0.261	4.57064422397493e-07	c7	NSD1
1.44494073656396e-11	0.185559899826387	0.589	0.558	4.84604224228821e-07	c7	TSTD1
1.63854008055425e-11	0.26393251781069	0.386	0.347	5.49533572216286e-07	c7	RNF10
1.77197270653266e-11	0.259743827212272	0.34	0.299	5.94284206316922e-07	c7	DUSP11
1.7966039014446e-11	0.253407731572819	0.442	0.407	6.0254501646649e-07	c7	CAPZA2
2.01404808416968e-11	0.107804367293407	0.898	0.89	6.75471446468827e-07	c7	TAGLN2
2.01459531251658e-11	0.297640485390459	0.341	0.302	6.75654975911812e-07	c7	CLINT1
2.25042173489904e-11	0.216022777227797	0.51	0.473	7.54746441450441e-07	c7	IK
2.4305618751096e-11	0.213965591320986	0.537	0.499	8.15161841674258e-07	c7	ATP6V0B
2.7780634984593e-11	0.219332837639771	0.447	0.407	9.31706936113281e-07	c7	TXNL1
3.4296427770199e-11	0.163489277062065	0.627	0.596	1.15023359455693e-06	c7	ATP5PD
3.46510194738867e-11	0.149988110727649	0.636	0.609	1.16212589111521e-06	c7	SELENOT
3.69878867880166e-11	0.199268817514245	0.498	0.457	1.2404997470965e-06	c7	MRPL51
4.09927974465113e-11	0.261965720733644	0.384	0.345	1.3748164407611e-06	c7	SLIRP
4.75818070967895e-11	0.246233438204795	0.356	0.315	1.59579864641213e-06	c7	SNX1
4.9877099894381e-11	0.189497707423247	0.495	0.451	1.67277817625775e-06	c7	AP2S1
5.64255254229558e-11	0.196052476060913	0.526	0.494	1.89239927163509e-06	c7	NOL7
7.40546957496536e-11	0.103754116226933	0.868	0.867	2.48364638605188e-06	c7	UQCR11
7.79920468089326e-11	0.332743562848979	0.305	0.269	2.61569726587798e-06	c7	SOD2
8.04720293861641e-11	0.246468478023064	0.402	0.365	2.69887092155317e-06	c7	MRPS24
8.30233114081388e-11	0.184387320849448	0.536	0.501	2.78443581800616e-06	c7	DNAJC8
8.54232972578961e-11	0.271842744863435	0.397	0.358	2.86492654343532e-06	c7	PDCL3
9.57210397044366e-11	0.22368572588947	0.438	0.404	3.2102922296074e-06	c7	STXBP2
1.05489800418177e-10	0.226163180102036	0.434	0.397	3.53791692642481e-06	c7	PFDN2
1.06797303487759e-10	0.429214240268847	0.31	0.275	3.58176796437245e-06	c7	GPR15
1.11955935170221e-10	0.145229454727478	0.669	0.646	3.75477815373888e-06	c7	SASH3
1.17427327829304e-10	0.183196485186726	0.542	0.511	3.93827772073918e-06	c7	HADHA
1.23368911693868e-10	0.172079378429434	0.389	0.341	4.13754656038895e-06	c7	HLA-DPB1
1.27746723650164e-10	0.168504900055587	0.611	0.579	4.28436961777921e-06	c7	RBX1
1.30394830982184e-10	0.192823390799218	0.516	0.476	4.37318184148049e-06	c7	NDUFA2
1.33648643854385e-10	0.111806238009778	0.828	0.81	4.48230821758838e-06	c7	PSMA7
1.57775349548142e-10	0.181550005444858	0.543	0.514	5.2914696731456e-06	c7	TMEM219
1.68638211499114e-10	0.239829857353258	0.42	0.382	5.6557883372573e-06	c7	SH3GLB1
1.68725577663964e-10	0.243170291704659	0.352	0.314	5.65871842369403e-06	c7	BNIP3L
1.70461041450971e-10	0.250558542715562	0.359	0.321	5.71692240818267e-06	c7	SF3A3
1.86551735200544e-10	0.295436836206901	0.343	0.307	6.25657209515584e-06	c7	B3GAT3
1.98057732295101e-10	0.168985299970615	0.569	0.533	6.64246022571309e-06	c7	SF3B6
2.13625576820298e-10	0.0899241159391115	0.877	0.872	7.16457459539914e-06	c7	COX6A1
2.15350313859463e-10	0.0825952358633142	0.935	0.927	7.22241882621868e-06	c7	CLIC1
2.15457072860708e-10	0.279121180280692	0.334	0.296	7.22599930960242e-06	c7	YIPF4
2.25207777461879e-10	0.288252101393497	0.552	0.533	7.55301844051649e-06	c7	SLC3A2
2.63171493274654e-10	0.266779432973859	0.324	0.287	8.82624554144535e-06	c7	RBM23
2.70712700436165e-10	0.274723043394567	0.32	0.283	9.07916254722812e-06	c7	WASHC3
2.97191257652878e-10	0.204114920552548	0.443	0.408	9.96720039916223e-06	c7	MFF
3.37713969121376e-10	0.21629755814844	0.415	0.374	1.13262510963927e-05	c7	RNASEH2B
3.38360259532895e-10	0.213388868562992	0.404	0.365	1.13479263842142e-05	c7	NDUFS2
3.57527930592726e-10	0.188286008521678	0.52	0.484	1.19907717362189e-05	c7	CDC42SE1
3.61222747261993e-10	0.213624090006695	0.713	0.698	1.21146884976727e-05	c7	IRF1
3.94817685322802e-10	0.158514975637458	0.691	0.679	1.32413955303561e-05	c7	SHISA5
4.1860277971427e-10	0.189885463402613	0.572	0.542	1.40391000260572e-05	c7	LSM8
4.30802730501194e-10	0.232354530948251	0.382	0.343	1.4448261975549e-05	c7	SMC3
4.35805986123782e-10	0.189658580323426	0.525	0.497	1.46160611626194e-05	c7	PPP1R12A
4.63843000047128e-10	0.29647848873974	0.306	0.271	1.55563665355806e-05	c7	NUTM2B-AS1
4.83925228794039e-10	0.239945445108089	0.379	0.342	1.62298843232945e-05	c7	SMARCE1
5.04454306934659e-10	0.169637334045619	0.571	0.545	1.69183885459746e-05	c7	MEAF6
5.12645444335702e-10	0.152575945818164	0.557	0.52	1.71931029121308e-05	c7	UQCRFS1
5.4478551678429e-10	0.301685115495262	0.309	0.273	1.82710166619115e-05	c7	BAZ2A
5.48697998938443e-10	0.113418296189082	0.759	0.749	1.84022334883975e-05	c7	SAP18
5.51685470900632e-10	0.100630135033788	0.847	0.844	1.85024273230654e-05	c7	UBE2D3
5.62550294600689e-10	0.22368337780253	0.404	0.366	1.88668117803179e-05	c7	PPP4R2
5.78400169742449e-10	0.239503152286984	0.391	0.354	1.93983848928222e-05	c7	CHMP4A
5.9802268955446e-10	0.217904868779088	0.479	0.447	2.00564849622775e-05	c7	FAM107B
6.081919034575e-10	0.213130813776353	0.379	0.34	2.03975400581576e-05	c7	FDPS
6.3723682734168e-10	0.203640303732558	0.465	0.43	2.13716487153852e-05	c7	RNF181
6.48963079576834e-10	0.188166850381137	0.533	0.507	2.17649237628479e-05	c7	TMCO1
7.14957078224413e-10	0.308441353630327	0.311	0.277	2.39782304894904e-05	c7	SMARCC1
7.34042799614387e-10	0.315798919420843	0.362	0.331	2.46183274134673e-05	c7	RELB
8.357174118222e-10	0.139844981426001	0.653	0.623	2.80282905576929e-05	c7	XRCC5
9.27938480358553e-10	0.165966363003483	0.583	0.559	3.11212007542652e-05	c7	TSC22D4
1.12546842748758e-09	0.263104568354949	0.305	0.268	3.77459601210784e-05	c7	ATP6V1E1
1.18178735352293e-09	0.158835838307033	0.566	0.527	3.96347842624521e-05	c7	NDUFA6
1.67237297211894e-09	0.180056105418289	0.568	0.535	5.6088044738925e-05	c7	EIF3I
2.25222060578935e-09	0.226446380247981	0.37	0.334	7.55349746769631e-05	c7	ACIN1
2.29052609054002e-09	0.174022427870646	0.584	0.563	7.68196640245311e-05	c7	DDOST
2.34415335902916e-09	0.290438756400595	0.314	0.281	7.86182153551201e-05	c7	CHTF8
2.71522036093865e-09	0.253193881883132	0.307	0.272	9.10630604651603e-05	c7	BRMS1
2.83625447308889e-09	0.149727564153774	0.623	0.597	9.51223025184552e-05	c7	ACTR2
2.96419960925994e-09	0.262544125169379	0.312	0.279	9.94133264953597e-05	c7	TUSC2
3.08496936839994e-09	0.254184104488604	0.361	0.328	0.000103463702677397	c7	CYB561D2
3.6121885176908e-09	0.165810609192319	0.593	0.567	0.000121145578506314	c7	POLR1D
3.83427350043027e-09	0.276214174796158	0.314	0.281	0.00012859386465743	c7	MRPL28
4.16221139322632e-09	0.204774931003572	0.538	0.509	0.000139592245706024	c7	HNRNPL
4.33063653889724e-09	0.13106065854929	0.534	0.495	0.000145240888241536	c7	NFKBIZ
4.47036910624148e-09	0.272691518019464	0.306	0.273	0.000149927239085127	c7	CREB1
4.77499351877024e-09	0.184532067768431	0.468	0.43	0.000160143732632516	c7	MIEN1
4.87373977639434e-09	0.148997608722968	0.579	0.552	0.000163455484620713	c7	RAB7A
4.9661291802334e-09	0.213995463551457	0.409	0.371	0.000166554040446668	c7	GBP1
5.53202496301134e-09	0.198005230940939	0.474	0.441	0.000185533053209474	c7	TKT
5.71088078320193e-09	0.233196068265644	0.383	0.351	0.000191531519707026	c7	C19orf24
6.07368806941381e-09	0.0738254915824585	0.998	0.999	0.000203699350472001	c7	HLA-C
6.17881522827067e-09	0.184713467721036	0.499	0.466	0.000207225105125742	c7	POLR2J
6.39671948922856e-09	0.221523841742317	0.534	0.505	0.000214533178229747	c7	PIM1
6.68345531502664e-09	0.132177587094803	0.65	0.621	0.000224149724355363	c7	ATP5MPL
7.12376208209342e-09	0.23956333138018	0.316	0.281	0.000238916732709249	c7	DGKZ
7.48512836923909e-09	0.212670187016868	0.331	0.294	0.000251036235247541	c7	NBDY
7.56158623421266e-09	0.22895001533935	0.372	0.337	0.000253600479123024	c7	KXD1
8.11025977173023e-09	0.174279746212069	0.491	0.458	0.000272001892224288	c7	BTN3A2
8.24510082955952e-09	0.28444691518948	0.304	0.271	0.000276524191621767	c7	CHMP4B
8.98158273543046e-09	0.247684918795276	0.349	0.314	0.000301224321780867	c7	STARD3
9.16790499793401e-09	0.20580115374108	0.401	0.368	0.000307473197820711	c7	RNF114
9.34393221666027e-09	0.118529406346545	0.797	0.791	0.000313376798682352	c7	HNRNPC
9.52782935367281e-09	0.180574990427383	0.527	0.499	0.000319544340863479	c7	MRPL57
9.97497973899316e-09	0.311676029800226	0.304	0.272	0.000334540870486353	c7	STAT5A
1.03162517621767e-08	0.115801691537194	0.759	0.762	0.000345986451599882	c7	CSTB
1.1090208521997e-08	0.264600606500237	0.35	0.318	0.000371943413410735	c7	SMARCC2
1.17183361987124e-08	0.191643388096025	0.455	0.424	0.000393009559432416	c7	CLPP
1.33139264693442e-08	0.11129524446434	0.685	0.659	0.000446522465928867	c7	BUB3
1.41098642098992e-08	0.2330577248015	0.32	0.287	0.0004732166258716	c7	PDHB
1.51736878648073e-08	0.204834985946258	0.465	0.432	0.000508895143609908	c7	UQCRC1
1.55640887873498e-08	0.227001290678722	0.337	0.303	0.000521988409750136	c7	MITD1
1.57404728141758e-08	0.126582490550907	0.739	0.727	0.000527903977241829	c7	GNB2
1.58944996387683e-08	0.142613059183946	0.619	0.595	0.000533069728885012	c7	TXN
1.64837693559098e-08	0.197280786304082	0.467	0.439	0.000552832656658504	c7	MAP4K1
1.66380038691792e-08	0.107341751717608	0.751	0.745	0.000558005373764531	c7	MORF4L1
1.87273476154543e-08	0.241240063670998	0.445	0.418	0.000628077784327107	c7	TOP1
2.15158880815866e-08	0.172244300274388	0.498	0.464	0.000721599854480251	c7	SSNA1
2.2151685263067e-08	0.232436894522572	0.371	0.337	0.000742923220352742	c7	TRAPPC3
2.44524019532153e-08	0.144471240284928	0.623	0.601	0.000820084656706934	c7	NSA2
2.69513500552104e-08	0.22249674910452	0.394	0.364	0.000903894378151648	c7	PTPN1
2.77500390952199e-08	0.227726933047864	0.353	0.321	0.000930680811175485	c7	NDUFA10
2.78260625374948e-08	0.15680592459032	0.608	0.581	0.000933230485382501	c7	FLT3LG
2.96259309529947e-08	0.239216998184937	0.345	0.311	0.000993594472301536	c7	TMEM50B
2.972306115695e-08	0.143399095672162	0.6	0.576	0.00099685202508179	c7	MATR3.1
3.05139172800142e-08	0.245339289563531	0.325	0.292	0.00102337575773712	c7	MED15
3.23352221335741e-08	0.0603118145737054	0.928	0.926	0.00108445867991581	c7	LSP1
3.24892939227885e-08	0.16852514467358	0.476	0.446	0.00108962593958248	c7	TMEM9B
3.34189486135416e-08	0.24663296394793	0.323	0.29	0.00112080469860096	c7	PSMC2
3.40746954315973e-08	0.237031569647701	0.354	0.323	0.00114279713538491	c7	SPG21
3.78610778947476e-08	0.134362588769837	0.641	0.612	0.00126978483043405	c7	NAP1L1
3.81609373519725e-08	0.183773373404468	0.463	0.429	0.00127984151691045	c7	RANBP1
3.96060958624977e-08	0.141320953673089	0.701	0.688	0.00132830924303645	c7	KIAA1551
4.13030813798794e-08	0.212183235874941	0.38	0.347	0.0013852227433184	c7	AATF
4.16509354913046e-08	0.183322209515142	0.536	0.507	0.00139688907450737	c7	PSIP1
4.32877065286459e-08	0.175943470719933	0.534	0.504	0.00145178310155773	c7	PSMF1
4.49076000130445e-08	0.250045112108276	0.308	0.276	0.00150611108923749	c7	PRPF31
4.57880576416698e-08	0.227687406589506	0.391	0.36	0.00153563987718632	c7	ATP6AP1
4.76049628477526e-08	0.220655881906179	0.353	0.322	0.00159657524398793	c7	MED4
5.1993850789631e-08	0.227445767428103	0.362	0.33	0.00174376976778264	c7	HIKESHI
5.34187443904216e-08	0.151393257990726	0.523	0.497	0.00179155784936596	c7	PAPOLA
5.57364105424834e-08	0.0793210002786588	0.857	0.85	0.00186928773677381	c7	RPL23
5.68768701482207e-08	0.000111371609762489	0.895	0.921	0.00190753647103103	c7	HSP90AB1
5.69757667774782e-08	0.0967632004521131	0.766	0.756	0.00191085326618306	c7	NDUFA1
6.17706736501572e-08	0.281852030774646	0.307	0.279	0.00207166485287897	c7	CFDP1
7.22068952181891e-08	0.238852557619909	0.379	0.35	0.00242167485182762	c7	SUMF2
8.025984625358e-08	0.217870326349877	0.345	0.311	0.00269175472365257	c7	LSM10
8.16278402474336e-08	0.266453523560132	0.313	0.283	0.00273763450621843	c7	TMEM183A
8.79070085811156e-08	0.0733057173533185	0.964	0.965	0.00294822525379346	c7	NPM1
9.33962148418635e-08	0.190626902428869	0.484	0.456	0.00313232225336642	c7	TMEM179B
1.09313615608701e-07	0.216883498509161	0.479	0.45	0.0036661600402846	c7	LIME1
1.13132438561673e-07	0.181226568835459	0.472	0.439	0.00379423572448138	c7	ACTN4
1.13219770381897e-07	0.128105475426065	0.625	0.609	0.00379716465906805	c7	MDH2
1.21753578595463e-07	0.0923733052827691	0.859	0.863	0.00408337151893465	c7	CYTIP
1.26560170178082e-07	0.201664341715735	0.402	0.368	0.00424457498743253	c7	CYC1
1.33525509130588e-07	0.112247586335772	0.785	0.792	0.00447817852522167	c7	CD53
1.41024158571949e-07	0.237887066894896	0.306	0.276	0.00472966823018604	c7	SMIM19
1.72885673042766e-07	0.152819674235554	0.509	0.48	0.00579823970250827	c7	PGLS
1.82212168577609e-07	0.201014833792912	0.493	0.47	0.00611103170975585	c7	EIF3A
2.10778785539976e-07	0.200715421878425	0.396	0.368	0.00706909890943972	c7	HSF1
2.10950065789585e-07	0.188440666978056	0.418	0.389	0.00707484330645111	c7	PDCD10
2.15773677161098e-07	0.238455613024175	0.382	0.355	0.00723661758462891	c7	LMAN1
2.16265771709104e-07	0.154555086855096	0.511	0.483	0.00725312145157992	c7	RER1
2.17656242455968e-07	0.254511431900176	0.319	0.289	0.00729975505948826	c7	AIMP1
2.25160659871689e-07	0.218824241285033	0.343	0.312	0.00755143821077672	c7	PEF1
2.27130942296194e-07	0.192404589372922	0.474	0.447	0.00761751754272974	c7	NOP58
2.50704035633485e-07	0.165948167660386	0.501	0.473	0.00840811194707584	c7	PNRC2
2.57272862330616e-07	0.124548306353798	0.661	0.647	0.00862841725684421	c7	ST13
2.68168387963345e-07	0.209371334351544	0.388	0.357	0.00899383139551467	c7	PHF1
2.8583479855743e-07	0.0913868440310386	0.834	0.826	0.00958632747401907	c7	ACTR3
3.434841123908e-07	0.190171009030479	0.419	0.39	0.0115197701613627	c7	RPP21
3.45326617227827e-07	0.115715423436431	0.696	0.689	0.0115815640885869	c7	ARF6
3.46562562667653e-07	0.152822026077184	0.518	0.494	0.0116230152267477	c7	SRPRA
3.5431456926362e-07	0.197424487472316	0.465	0.443	0.0118830020239633	c7	CLNS1A
3.56478746431656e-07	0.219930610801365	0.355	0.328	0.0119555841978249	c7	WAPL
3.56553078852216e-07	0.196846425100132	0.37	0.338	0.0119580771585456	c7	PSMB7
3.72910228444588e-07	0.218846083817244	0.356	0.324	0.0125066632415746	c7	SQOR
3.77727982969133e-07	0.105198823197867	0.735	0.725	0.0126682410928188	c7	CDC42
4.12927473222384e-07	0.139419099613411	0.617	0.595	0.0138487615969323	c7	NCOR1
4.16717968977686e-07	0.227408707475491	0.301	0.271	0.0139758872435736	c7	DDX27
4.24411391456172e-07	0.241030554300341	0.342	0.314	0.0142339092466571	c7	POP5
4.38348755402725e-07	0.238686921233	0.345	0.315	0.0147013405586966	c7	H2AFJ
4.63693406170309e-07	0.176423933076077	0.467	0.442	0.0155513494561398	c7	DGUOK
4.64870248218718e-07	0.166377675453949	0.497	0.469	0.0155908183847594	c7	SRSF4
4.82864747921745e-07	0.165870950146942	0.461	0.427	0.0161943179157995	c7	SNRPC
5.49501102417132e-07	0.167998809642612	0.423	0.391	0.0184291679728658	c7	SUPT4H1
5.8808365973091e-07	0.197517001143957	0.415	0.387	0.0197231497800553	c7	NFE2L2
5.90556875941772e-07	0.209891691910835	0.385	0.358	0.0198060965053352	c7	IRF3
5.91487513853636e-07	0.177927306358724	0.458	0.434	0.0198373082396232	c7	WASF2
6.02943908670015e-07	0.194447693363011	0.365	0.336	0.020221532808975	c7	NGRN
6.08978871825323e-07	0.145639503651914	0.503	0.475	0.0204239334032777	c7	GTF2A2
6.18387432350266e-07	0.182830229605355	0.381	0.349	0.0207394777061632	c7	TXNDC12
6.64082021961682e-07	0.184600231272004	0.342	0.311	0.0222719828525509	c7	CHORDC1
7.50620996128229e-07	0.243486073723633	0.326	0.298	0.0251743269681485	c7	CENPC
7.94704634299784e-07	0.162628214834105	0.527	0.504	0.0266528040251462	c7	LSM14A
8.3852954764768e-07	0.230697848444486	0.327	0.297	0.0281226039690079	c7	XRN1
9.07380161990394e-07	0.173337375037333	0.445	0.421	0.0304317158728338	c7	CNOT7
9.62409647584639e-07	0.197544635783023	0.344	0.314	0.0322772947606936	c7	MARCH7
9.69502394190186e-07	0.0985121914620879	0.699	0.684	0.0325151712963504	c7	VPS28
1.02765605490374e-06	0.19194737820687	0.359	0.327	0.0344655287693616	c7	NDUFS3
1.05482999450879e-06	0.182827832232364	0.473	0.452	0.0353768883558357	c7	ATRAID
1.06127851498128e-06	0.23049740571407	0.31	0.283	0.0355931588354421	c7	ZNF655
1.16470348351427e-06	0.194738639199034	0.375	0.349	0.0390618254301016	c7	MRPS7
1.27987129481871e-06	0.100877385691244	0.614	0.592	0.04292432348563	c7	GPI
1.32237655206646e-06	0.19884255782509	0.361	0.334	0.0443498648032049	c7	POLR2C
1.35023194942558e-06	0.188953207353732	0.369	0.341	0.0452840791198352	c7	APOL6
1.38597498668658e-06	0.174722347330542	0.398	0.37	0.0464828291034944	c7	MRFAP1L1
1.40587939972755e-06	0.16907531229219	0.483	0.46	0.0471503833080627	c7	COX14
1.46049349552928e-06	0.206828580536495	0.333	0.304	0.0489820308530609	c7	OVCA2
1.48892002956277e-06	0.198601785813475	0.355	0.327	0.0499353999514762	c7	GID8
