p_val	avg_log2FC	pct.1	pct.2	p_val_adj	cluster	gene
0	5.67128392995642	0.858	0.029	0	c4	KIR2DL4
0	4.54355383277194	0.808	0.058	0	c4	KLRC3
0	4.62932374206544	0.775	0.052	0	c4	KLRC2
0	2.00387980207057	0.877	0.254	0	c4	KLRD1
0	3.03247345705482	0.732	0.121	0	c4	CD160
0	4.89591514803603	0.574	0.03	0	c4	LAT2
0	4.59092263887314	0.564	0.033	0	c4	AC068775.1
0	1.99881766990467	0.956	0.438	0	c4	HOPX
0	1.94054998369804	0.812	0.329	0	c4	ITGA1
0	2.20144613410706	0.697	0.215	0	c4	TMIGD2
0	4.57462929470955	0.499	0.022	0	c4	TRDC
0	2.13137130915097	0.732	0.267	0	c4	LDLRAD4
0	1.7316569878991	0.714	0.256	0	c4	AOAH
0	2.87993523864722	0.514	0.07	0	c4	IKZF2
0	1.73828097994388	0.644	0.204	0	c4	SPRY1
0	4.34551955817141	0.467	0.033	0	c4	ATP8B4
0	1.72529180723266	0.781	0.351	0	c4	RHOC
0	1.81846161248336	0.9	0.47	0	c4	CD63
0	0.630670345957181	0.946	0.519	0	c4	NKG7
0	1.28974695270096	0.768	0.348	0	c4	TIGIT
0	2.07009482799016	0.583	0.168	0	c4	XCL2
0	4.09394467269388	0.47	0.056	0	c4	TRGV4
0	1.46940291447304	0.796	0.387	0	c4	ITGAE
0	6.42780019057703	0.408	0.008	0	c4	FCER1G
0	2.01912263851066	0.535	0.137	0	c4	GNLY
0	1.71067588624322	0.644	0.248	0	c4	FASLG
0	2.16882361580735	0.545	0.157	0	c4	RIN3
0	1.43330290397534	0.687	0.31	0	c4	MATK
0	2.31792138859079	0.518	0.149	0	c4	FAM3C
0	2.60984252496516	0.467	0.101	0	c4	TRGC2
0	0.385617751481915	0.587	0.227	0	c4	GZMB
0	1.84208918680609	0.54	0.19	0	c4	GNPTAB
0	1.4661372431115	0.734	0.386	0	c4	MAP3K8
0	1.95041778791873	0.492	0.145	0	c4	CD244
0	5.53309096552133	0.358	0.012	0	c4	TYROBP
0	4.71207023932352	0.367	0.026	0	c4	TRDV1
0	1.39614477216341	0.764	0.428	0	c4	CTSW
0	2.43912302863703	0.807	0.473	0	c4	GZMA
0	1.31749368000136	0.577	0.247	0	c4	GPR15
0	2.58766130866479	0.426	0.098	0	c4	ID3
0	4.15180487173761	0.353	0.026	0	c4	CXXC5
0	1.68485800066484	0.524	0.201	0	c4	CDIP1
0	4.49729994250082	0.343	0.022	0	c4	LYN
0	1.35322287195562	0.855	0.535	0	c4	IL2RB
0	3.23759096187707	0.356	0.041	0	c4	ADGRG1
0	1.38487795347623	0.635	0.323	0	c4	SLA2
0	1.1608273523346	0.805	0.495	0	c4	PTPN22
0	1.27034583242414	0.662	0.356	0	c4	CCDC69
0	1.59501945018867	0.517	0.221	0	c4	TRG-AS1
0	1.78461446970432	0.437	0.142	0	c4	XCL1
0	2.00969832805833	0.412	0.117	0	c4	TXK
0	1.537915764786	0.491	0.196	0	c4	BCAS4
0	1.49414909582605	0.491	0.198	0	c4	PLA2G16
0	2.21901136200804	0.411	0.118	0	c4	UBASH3B
0	0.727259696744115	0.768	0.476	0	c4	PRF1
0	1.11930390942067	0.66	0.369	0	c4	CAPG
0	0.987597241875626	0.8	0.511	0	c4	LINC01871
0	1.22186052514487	0.702	0.414	0	c4	GPR65
0	1.37194387745107	0.558	0.273	0	c4	NEDD9
0	1.28381619415379	0.591	0.307	0	c4	ACP5
0	1.02099361508328	0.805	0.522	0	c4	ABI3
0	2.86044284573225	0.334	0.053	0	c4	LAYN
0	2.67416962514551	0.384	0.105	0	c4	PLPP1
0	2.73385578077271	0.342	0.064	0	c4	DBN1
0	1.64537700234433	0.411	0.133	0	c4	ENTPD1
0	1.32901101773356	0.47	0.193	0	c4	SLAMF7
0	1.91034234195699	0.431	0.159	0	c4	SLC16A3
0	1.06220686157814	0.854	0.586	0	c4	ARHGAP9
0	1.29035271778226	0.495	0.228	0	c4	GABARAPL1
0	1.13831437848882	0.997	0.734	0	c4	CCL5
0	1.13370829160901	0.585	0.323	0	c4	RASSF1
0	1.7346949263275	0.382	0.124	0	c4	AUTS2
0	2.76973149230514	0.312	0.055	0	c4	NMUR1
0	1.0415910202974	0.728	0.471	0	c4	PIK3R1
0	1.67928430070058	0.425	0.171	0	c4	RAB3GAP1
0	1.08247229095009	0.873	0.62	0	c4	GSTP1
0	2.90524080566442	0.305	0.054	0	c4	CCRL2
0	1.1137386158201	0.51	0.259	0	c4	NR4A3
0	0.936351782830147	0.56	0.31	0	c4	ASB2
0	2.00090913708812	0.34	0.092	0	c4	CAPN12
0	1.53205370273181	0.4	0.154	0	c4	ABCB1
0	2.59448790636751	0.313	0.068	0	c4	GEM
0	1.24833418771768	0.465	0.221	0	c4	FOSL2
0	2.05563050970443	0.338	0.095	0	c4	ISYNA1
0	1.17752603011245	0.512	0.269	0	c4	RBKS
0	2.25843405299857	0.386	0.144	0	c4	TRGV3
0	1.01479518835118	0.84	0.598	0	c4	TRAC
0	1.13415525038755	0.477	0.235	0	c4	FAM173A
0	0.911367412419177	0.677	0.436	0	c4	RUNX3
0	0.837013216222263	0.569	0.328	0	c4	PTGER2
0	0.963860554352322	0.685	0.449	0	c4	ZNF331
0	0.399522706100836	0.424	0.189	0	c4	CCL4L2
0	0.707784555485149	0.91	0.676	0	c4	RGS1
0	1.03160904582344	0.421	0.187	0	c4	TOX
0	0.656594980454494	0.733	0.499	0	c4	NR4A1
0	0.957917401460548	0.614	0.381	0	c4	PITPNC1
0	1.04368458688334	0.434	0.202	0	c4	TNFRSF18
0	0.852036259509064	0.713	0.481	0	c4	SYTL3
0	0.964024187278805	0.544	0.314	0	c4	PTPN4
0	1.17483196533635	0.425	0.196	0	c4	CLIC3
0	1.20410548654751	0.949	0.724	0	c4	CD96
0	0.886770235316005	0.812	0.593	0	c4	PTPN6
0	0.841547071675453	0.738	0.526	0	c4	CHCHD10
0	1.51643265988572	0.322	0.111	0	c4	SKAP2
0	0.802531902430272	0.674	0.465	0	c4	SSBP4
0	1.25792572790416	0.396	0.189	0	c4	CD151
0	1.82448766030793	0.303	0.099	0	c4	DGKD
0	0.356663649852983	0.939	0.736	0	c4	CST7
0	1.45828628561374	0.367	0.17	0	c4	NDFIP2
0	1.35377361807477	0.34	0.144	0	c4	DZIP3
0	0.714298958099476	0.877	0.682	0	c4	FYN
0	1.33772936938284	0.317	0.125	0	c4	SERPINB6
0	0.648438607635903	0.805	0.614	0	c4	PRKCH
0	1.46468404642157	0.322	0.131	0	c4	HIC1
0	0.531458046814053	0.873	0.689	0	c4	CLDND1
0	0.67351549645833	0.804	0.62	0	c4	PRDX5
0	0.571522381792011	0.896	0.75	0	c4	PAXX
0	0.638679963582279	0.901	0.757	0	c4	CKLF
0	0.931585213722886	0.957	0.82	0	c4	NR4A2
0	0.539574626017793	0.91	0.774	0	c4	SEPT7
0	0.609734519556602	0.949	0.825	0	c4	TPI1
0	1.52625896415988	0.999	0.881	0	c4	CD7
0	0.679457415025859	0.932	0.819	0	c4	TRBC2
0	0.506877410500607	0.985	0.907	0	c4	HCST
0	0.67520357775492	0.993	0.925	0	c4	ZFP36
0	0.544634907139756	0.983	0.92	0	c4	LSP1
0	0.365554486728543	0.989	0.955	0	c4	EVL
0	0.879521404645749	0.987	0.961	0	c4	MT-ND4
0	0.676535871006791	0.986	0.962	0	c4	MT-ND2
0	0.635044986323678	0.999	0.984	0	c4	FTL
0	0.520364122303238	0.998	0.984	0	c4	PABPC1
0	0.513798321005672	0.994	0.999	0	c4	MT-CO1
0	0.515433068121432	0.994	0.999	0	c4	MT-CO2
0	0.428336841914039	0.991	0.996	0	c4	MT-ATP8
0	0.489389062169395	0.992	0.997	0	c4	MT-ATP6
0	0.52406247862012	0.991	0.996	0	c4	MT-ND3
0	0.484540053448154	0.993	0.998	0	c4	MT-ND4L
0	0.574921062323508	0.993	0.998	0	c4	MT-CYB
0	0.45971230818144	0.994	0.998	0	c4	MT-CO3
0	0.307757660716741	1	0.998	0	c4	PTMA
0	0.348877851512495	0.99	0.992	0	c4	MT-ND1
0	0.332257630905833	1	0.999	0	c4	TMSB4X
0	0.545217192608898	0.989	0.989	0	c4	MT-ND5
6.9105386401154e-305	0.668247538276074	0.864	0.744	2.3176564491219e-300	c4	CD247
7.26596961341113e-304	0.750177791139022	0.683	0.457	2.43686088894583e-299	c4	CBLB
4.21308287681684e-300	0.546668987366225	0.88	0.752	1.41298373522683e-295	c4	JAK1
4.99605629973904e-298	1.3039838748124	0.333	0.159	1.67557736180648e-293	c4	MPST
7.3473125407505e-296	1.18800100048101	0.333	0.154	2.4641416799169e-291	c4	GPR68
3.06485548230518e-293	1.29265765986499	0.306	0.138	1.02789123165551e-288	c4	IL12RB2
8.19065613837561e-293	1.07224465971055	0.505	0.303	2.74698225568841e-288	c4	PTP4A1
2.67341427918164e-292	1.14033787666441	0.391	0.2	8.9660968095194e-288	c4	ECI2
8.50530739773603e-288	0.55223751526606	0.874	0.714	2.85250999505271e-283	c4	PDCD4
2.58312657672626e-283	0.868051735016974	0.603	0.399	8.66328991302454e-279	c4	CCND2
5.55467501964719e-279	1.26856477270324	0.301	0.137	1.86292690808927e-274	c4	EPS8L2
9.51435537837119e-269	1.74337186575954	0.391	0.214	3.19092450679813e-264	c4	AREG
6.46527129676071e-266	1.08087508377394	0.362	0.185	2.16832268750761e-261	c4	ATP8A1
6.86406842703395e-259	0.980683530711199	0.454	0.263	2.30207126905865e-254	c4	MAD2L2
4.98053951052617e-258	0.938066991984908	0.464	0.272	1.67037334104027e-253	c4	ABHD17A
6.29851170869527e-258	0.972638601804736	0.423	0.233	2.11239485686222e-253	c4	SYTL2
2.10356446956109e-250	0.336962209228229	1	0.99	7.05493451801398e-246	c4	GAPDH
6.44052156669152e-250	0.63264863531263	0.73	0.539	2.160022123037e-245	c4	SIRPG
1.04248923959827e-246	0.579206563350214	0.772	0.597	3.49630041176466e-242	c4	DHRS7
1.26815827786559e-245	0.538203462547255	0.509	0.288	4.25314923230562e-241	c4	DUSP4
8.37926768016783e-244	0.483521566183781	0.791	0.577	2.81023879457469e-239	c4	ID2
1.20317451645598e-237	0.470561717727302	0.866	0.721	4.03520669329006e-233	c4	OSTF1
2.26548878841196e-237	0.953976159754204	0.425	0.244	7.59799629857605e-233	c4	DENND1B
1.56522227911931e-236	0.735553439801429	0.638	0.432	5.24944247971034e-232	c4	LITAF
1.27573303379623e-233	1.02286984997215	0.396	0.226	4.27855344874579e-229	c4	AP2A1
6.57237943338578e-232	0.707560738220545	0.692	0.515	2.20424461436892e-227	c4	G3BP2
2.15653923932227e-231	0.643967415317968	0.473	0.271	7.23260130083904e-227	c4	PTTG1
2.31038596099822e-230	1.13505327647667	0.307	0.153	7.74857243599584e-226	c4	MSH3
9.60244824511183e-230	0.694662690250615	0.683	0.493	3.22046909244561e-225	c4	TRBC1
8.34618764882679e-229	0.677288921776008	0.661	0.467	2.79914441366353e-224	c4	SOCS1
1.58594599125796e-228	1.07924016023903	0.33	0.169	5.31894566548094e-224	c4	NBL1
1.14374287634916e-227	0.85968710377129	0.569	0.386	3.8358848586998e-223	c4	PHYKPL
1.15206764978127e-227	0.671474501004506	0.685	0.509	3.86380448383642e-223	c4	VASP
6.9764372597585e-224	0.333418266839138	0.986	0.951	2.3397575281778e-219	c4	PPDPF
5.36946845089761e-222	0.296147852592419	0.986	0.945	1.80081232906204e-217	c4	ARPC2
3.86776435699875e-220	0.704530674923881	0.612	0.426	1.29717081005024e-215	c4	PRKACB
4.36866003274958e-220	0.450599643636636	0.645	0.412	1.46516120178355e-215	c4	ITM2C
1.0446314843125e-213	0.410808562439874	0.935	0.855	3.50348507208726e-209	c4	CYTIP
9.88743268674163e-213	0.626751565684029	0.695	0.525	3.31604717447941e-208	c4	SURF4
2.82034790255365e-212	0.76830124809225	0.483	0.297	9.45888279558444e-208	c4	PRMT9
1.72633315587385e-211	0.869249889545773	0.554	0.38	5.78977613816972e-207	c4	RANBP2
1.30364064151855e-209	0.387829678261416	0.931	0.83	4.37214998352491e-205	c4	STK17A
2.04208875078118e-209	0.851466987246268	0.415	0.241	6.84875725236992e-205	c4	USP11
4.28450111239338e-209	0.331594553863268	0.969	0.913	1.43693598307449e-204	c4	YBX1
1.37999008986949e-203	0.599983397549306	0.45	0.263	4.62821076340431e-199	c4	PTMS
1.52418715202489e-203	0.751618379959338	0.544	0.369	5.11181887046107e-199	c4	SLC25A39
1.68039418917423e-202	0.550368202241184	0.72	0.541	5.63570603165252e-198	c4	MBP
5.01159335928388e-202	0.592407937919163	0.684	0.509	1.68078818083663e-197	c4	ITGB7
2.90879517245143e-201	0.516029871922093	0.765	0.595	9.7555172493676e-197	c4	SCML4
4.5884919557456e-201	0.539055784911841	0.734	0.541	1.53888843211796e-196	c4	STOM
1.04001342082388e-198	0.881297120374427	0.392	0.227	3.48799701075912e-194	c4	RASGEF1B
1.70184737144653e-197	0.611015976287883	0.68	0.507	5.70765571435736e-193	c4	REL
2.96916381946315e-194	0.880345111665965	0.412	0.247	9.9579816177155e-190	c4	TIPARP
9.28399231201401e-194	0.812923592832542	0.477	0.302	3.11366534160326e-189	c4	GPR171
1.83583562620151e-188	1.04365064307882	0.304	0.164	6.15702552315464e-184	c4	GPR18
3.09750664457572e-188	1.02551731721531	0.373	0.221	1.0388417784578e-183	c4	STARD3NL
3.32961570484945e-182	0.834171944103332	0.41	0.25	1.11668651509241e-177	c4	ADD1
1.5130042000124e-180	0.298615433072769	0.972	0.906	5.0743134860016e-176	c4	CD99
2.37743177901956e-176	0.7009997757831	0.483	0.312	7.9734307004758e-172	c4	ADAM8
1.40792323055941e-171	0.732244398501376	0.48	0.313	4.72189293065014e-167	c4	MAGED2
2.44898744711468e-170	0.713947599401213	0.493	0.329	8.21341410013323e-166	c4	MAPK1
3.10866481212751e-170	0.835815623064618	0.467	0.314	1.04258400469133e-165	c4	NSMCE1
3.90322050708173e-170	0.181630000125398	1	0.998	1.30906209366507e-165	c4	RPS19
1.55082320829448e-159	0.523122218815787	0.664	0.498	5.20115087597804e-155	c4	DCXR
2.61463431988624e-159	0.47071468322814	0.799	0.675	8.76896058203446e-155	c4	SAMSN1
1.17585799468125e-158	0.744663241850292	0.445	0.29	3.94359254256196e-154	c4	VPS37B
1.30089129437644e-157	0.652584658292773	0.503	0.342	4.3629292230797e-153	c4	TCIRG1
1.1557568555974e-155	0.767198176043002	0.394	0.243	3.87617734230255e-151	c4	ZBTB7A
5.83367248138065e-153	0.530962038778879	0.688	0.543	1.95649707680544e-148	c4	PRKAR1A
7.5068858574523e-153	0.716930463527213	0.461	0.308	2.51765937887235e-148	c4	TTC1
3.60992221760007e-152	0.310325081578569	0.967	0.926	1.21069571333871e-147	c4	MIF
1.55696450743016e-150	0.5874367979632	0.659	0.508	5.22174756501928e-146	c4	CREM
3.26114113527663e-149	0.846191472201944	0.311	0.18	1.09372151394908e-144	c4	POLG
5.13626153457565e-148	0.489431752185014	0.728	0.569	1.72259939346598e-143	c4	CDK2AP2
7.0759706163936e-147	0.166476278050154	0.701	0.419	2.37313902532608e-142	c4	CD8A
7.47329606431321e-147	0.550207604906658	0.586	0.426	2.50639403404937e-142	c4	ACTN4
7.98749581895867e-146	0.428656429533417	0.733	0.58	2.67884634776236e-141	c4	NR3C1
5.15761194230451e-144	0.702336456464561	0.421	0.273	1.72975989321009e-139	c4	PSD4
1.97748432427706e-143	0.374777299443832	0.941	0.889	6.63208692676039e-139	c4	ZFP36L1
2.88585302693938e-143	0.609292420603774	0.565	0.416	9.67857388174928e-139	c4	IVNS1ABP
5.69481517633057e-143	0.577385266455746	0.529	0.37	1.90992711383775e-138	c4	ABLIM1
9.90658759972685e-143	0.649040910809079	0.479	0.33	3.32247134919639e-138	c4	PTK2B
2.76976131577636e-141	0.731104760587654	0.399	0.257	9.28922550085077e-137	c4	ZBTB1
5.06368124605395e-141	0.535695566345318	0.67	0.522	1.69825741630157e-136	c4	NAP1L4
9.30702031423156e-141	0.442364236132441	0.578	0.405	3.12138847298698e-136	c4	LGALS1
1.15222892951138e-140	0.705275348733222	0.44	0.295	3.86434538379527e-136	c4	NARF
4.60703625177706e-140	0.340159244717816	0.922	0.843	1.54510781812099e-135	c4	PGK1
2.26836289468481e-139	0.417037188201759	0.79	0.647	7.60763547619393e-135	c4	BUB3
1.12257125435112e-138	0.427225244970317	0.772	0.635	3.7648794728428e-134	c4	GNAS
2.64686400647801e-137	0.426304533339182	0.768	0.643	8.87705250492597e-133	c4	CCDC85B
1.21927947784923e-136	0.54748396317409	0.799	0.692	4.08921951281076e-132	c4	HSPA5
3.24346276982723e-136	0.466521247719645	0.724	0.58	1.08779254374466e-131	c4	GPI
6.30056607093334e-135	0.185369060190527	0.994	0.978	2.11308384886962e-130	c4	IL32
1.10467819157543e-134	0.732058133310467	0.394	0.256	3.70486971890569e-130	c4	CTNNB1
1.23620761394517e-132	0.695274317543462	0.401	0.262	4.1459930956493e-128	c4	RAB24
2.8824586526086e-132	0.54579216551138	0.604	0.462	9.66718982911871e-128	c4	SEPT2
1.36446651506407e-131	0.564057868294092	0.55	0.393	4.57614779822188e-127	c4	HNRNPAB
2.8713637908509e-129	0.528240209892391	0.567	0.413	9.62997988175574e-125	c4	TSEN54
3.65583343322314e-129	0.694986233688842	0.381	0.244	1.22609341683438e-124	c4	CYTH4
7.64817656072704e-129	0.55567982437257	0.553	0.407	2.56504545493663e-124	c4	MAPRE2
1.95219260440244e-128	0.348397061647291	0.861	0.764	6.54726355664491e-124	c4	STK17B
2.47000524373935e-128	0.523870391752225	0.605	0.461	8.28390358645303e-124	c4	TLN1
7.15929540304436e-128	0.491060720417346	0.643	0.479	2.40108449227302e-123	c4	LSM2
1.00101921704671e-121	0.650926248697072	0.42	0.284	3.35721825013126e-117	c4	PPM1B
2.70573412359687e-121	0.414082825770708	0.707	0.573	9.07449110371919e-117	c4	AKAP13
2.91890587351802e-121	0.536283584044794	0.532	0.387	9.78942651860475e-117	c4	HERPUD2
4.5967823668632e-121	0.677881192310335	0.424	0.287	1.54166887019858e-116	c4	TSPYL2
1.94762357351643e-120	0.498212489605072	0.598	0.455	6.5319399408594e-116	c4	UBAC2
3.96283152112844e-120	0.0313264483325928	0.605	0.37	1.32905443555606e-115	c4	CD8B
4.29896989101058e-120	0.213531503299545	0.989	0.965	1.44178852204713e-115	c4	ZFP36L2
6.59240053985162e-116	0.685876664316072	0.311	0.19	2.21095929305544e-111	c4	ANKRD28
1.13850947857346e-115	0.444408627594845	0.671	0.54	3.81833308923967e-111	c4	EIF5
2.03450759757578e-114	0.630520504562011	0.361	0.231	6.82333158074967e-110	c4	TNFSF14
6.4700140614205e-114	0.299753190547529	0.835	0.691	2.16991331591921e-109	c4	CLEC2B
1.59089085034495e-113	0.202063588079274	0.987	0.962	5.3355297338869e-109	c4	OAZ1
3.32154129834403e-113	0.352218367145133	0.854	0.772	1.11397852063862e-108	c4	PDIA3
3.48840159362931e-113	0.459334989690763	0.633	0.492	1.1699401264714e-108	c4	HSPA9
1.50877789423378e-111	0.486613055629922	0.571	0.426	5.06013930168125e-107	c4	TMX4
4.7909185343323e-111	0.520481196348271	0.527	0.388	1.60677825804437e-106	c4	DOCK10
3.10424616565793e-110	0.37293617048325	0.742	0.605	1.04110207903836e-105	c4	GLIPR1
4.91682495923388e-110	0.414155944024076	0.727	0.599	1.64900475482786e-105	c4	LPXN
1.38986998825664e-108	0.661033873898077	0.403	0.278	4.66134596661511e-104	c4	MAP4
2.48079087654674e-108	0.285931487985843	0.903	0.808	8.32007644176245e-104	c4	GUK1
3.12373726787616e-108	0.512523887476904	0.563	0.429	1.04763900490031e-103	c4	RNF187
7.93591829400387e-108	0.599206837588101	0.424	0.294	2.66154827744302e-103	c4	SMIM29
2.34289278783575e-107	0.654256179280973	0.359	0.238	7.85759383184355e-103	c4	PPP1R16B
6.24458518761667e-106	0.484607479861323	0.551	0.415	2.09430898022288e-101	c4	ST3GAL1
2.73010475713818e-104	0.268529564752598	0.644	0.497	9.15622533449004e-100	c4	GADD45B
6.08225306435212e-104	0.460688172622745	0.551	0.413	2.03986603272242e-99	c4	LNPEP
6.14253703484612e-104	0.574067430323899	0.469	0.338	2.06008407074669e-99	c4	STIP1
3.76592059573556e-102	0.641124443592955	0.344	0.226	1.26301444939779e-97	c4	NLRC3
3.80231317976543e-102	0.529166233454651	0.511	0.379	1.27521979422973e-97	c4	RAB8B
1.10258608547987e-100	0.63311263697451	0.354	0.235	3.69785321348238e-96	c4	GFI1
1.20826411674575e-99	0.295076463324199	0.815	0.694	4.05227619474189e-95	c4	ZYX
2.20937164878664e-99	0.332780563358977	0.826	0.735	7.40979063570063e-95	c4	POLR2L
3.08167615230811e-99	0.623103266156166	0.332	0.215	1.03353254796109e-94	c4	SLF1
3.95267335468214e-99	0.554175490438746	0.422	0.296	1.3256475896933e-94	c4	DNAJC4
5.69413591188985e-98	0.341821096847358	0.866	0.812	1.90969930212962e-93	c4	MT-ND6
4.00293120819899e-97	0.629544568637124	0.337	0.223	1.34250306860578e-92	c4	MYO9B
8.82249413123056e-97	0.474758923935378	0.561	0.425	2.9588880817321e-92	c4	PSMD13
6.4300253855156e-96	0.52790399046719	0.424	0.297	2.15650191379422e-91	c4	C7orf50
3.9118974834475e-94	0.626448790391292	0.351	0.237	1.31197217799862e-89	c4	VPS26A
1.0907166116885e-93	0.316896230163629	0.774	0.676	3.6580453722809e-89	c4	SQSTM1
3.56511486852872e-93	0.334093385997166	0.773	0.664	1.19566822460716e-88	c4	RABAC1
3.78228377293045e-93	0.442242448938486	0.598	0.468	1.26850233176541e-88	c4	SH3BP1
1.48577162131226e-92	0.651420959660392	0.333	0.223	4.98298086355707e-88	c4	TRPT1
1.50978561313737e-92	0.424431841225902	0.613	0.489	5.06351898934011e-88	c4	CYFIP2
8.75616510358132e-92	0.35279787254842	0.78	0.678	2.9366426524391e-87	c4	SELENOH
1.36903665634666e-91	0.473567160679169	0.468	0.339	4.59147513805543e-87	c4	NT5C
1.73126376226507e-91	0.17766984138575	0.95	0.887	5.8063124058846e-87	c4	RARRES3
2.04342774052074e-91	0.463835946274423	0.529	0.398	6.85324795615847e-87	c4	TMEM14C
4.28899811394595e-91	0.457907426816146	0.567	0.44	1.43844418745519e-86	c4	PNPLA2
9.76164490232138e-91	0.380374104472254	0.686	0.559	3.27386046734055e-86	c4	CAMK4
1.40724158657671e-90	0.581750110707336	0.349	0.235	4.71960683306097e-86	c4	RFTN1
1.943057027575e-90	0.570946625610615	0.421	0.305	6.51662465908103e-86	c4	CSNK1D
1.24540605397569e-89	0.498451016352529	0.457	0.329	4.17684282382368e-85	c4	LYAR
1.66017195438455e-89	0.342124952549203	0.397	0.267	5.56788470061491e-85	c4	H2AFX
3.7768870412858e-89	0.471358240798515	0.438	0.315	1.26669237590643e-84	c4	SERTAD1
4.70627767833948e-89	0.464732319146138	0.528	0.404	1.5783914077615e-84	c4	MFSD10
2.29690123695001e-88	0.571400488714291	0.35	0.236	7.70334736848293e-84	c4	ASAH1
9.59787411216024e-88	0.347769389528279	0.572	0.433	3.2189350197363e-83	c4	IKZF3
1.20342850187605e-87	0.548340659297129	0.364	0.246	4.0360585095919e-83	c4	A1BG
3.9072077767514e-87	0.544749670841326	0.331	0.221	1.31039934416688e-82	c4	RAB11FIP1
1.69710860313431e-86	0.604266943236751	0.387	0.276	5.69176283319185e-82	c4	TSTA3
2.478965027073e-86	0.439367042534627	0.462	0.335	8.31395290779743e-82	c4	ARID5A
2.9252138281998e-86	0.416278542667365	0.577	0.454	9.81058213701649e-82	c4	TRABD
1.00486924209198e-85	0.562848513794485	0.322	0.213	3.37013046412808e-81	c4	CCPG1
1.3004540379801e-85	0.476314199657456	0.475	0.35	4.36146275257765e-81	c4	STN1
1.66758341111687e-85	0.425099074507219	0.523	0.39	5.59274124420377e-81	c4	HMGN3
2.97655431147573e-85	0.354691623174291	0.839	0.768	9.98276784982731e-81	c4	CALR
4.72456054858278e-85	0.24970788219032	0.906	0.84	1.58452311678369e-80	c4	NCL
2.04079170320319e-84	0.385767597662582	0.648	0.512	6.84440721420287e-80	c4	PRDX6
2.8069725258174e-84	0.396478917433163	0.37	0.251	9.41402445708641e-80	c4	CKS2
2.91963380575548e-84	0.583991087786692	0.356	0.247	9.79186785774273e-80	c4	PPP5C
7.06853051095769e-84	0.249085416961652	0.881	0.781	2.37064376276499e-79	c4	SLC9A3R1
7.72262056869304e-84	0.257541406032823	0.852	0.768	2.59001248632827e-79	c4	SRSF5
1.92084106553745e-83	0.546184418100721	0.362	0.251	6.4421167655995e-79	c4	DUSP23
2.58650785235236e-83	0.48263986079799	0.351	0.234	8.67463003521933e-79	c4	ZBTB20
5.52473289413124e-83	0.140849965983612	0.853	0.705	1.85288491803373e-78	c4	ALOX5AP
2.26088628507025e-82	0.386900366974995	0.626	0.503	7.58256042286859e-78	c4	FGFR1OP2
3.03481236297381e-81	0.459796681632464	0.508	0.392	1.01781537029416e-76	c4	PPCS
3.07767687742788e-81	0.412483871004722	0.527	0.398	1.03219127115176e-76	c4	RAB27A
3.56090014537149e-81	0.600530482455441	0.323	0.22	1.19425469075469e-76	c4	PFKFB3
4.82023978198406e-81	0.452425145024229	0.485	0.365	1.61661201808181e-76	c4	GLO1
8.6154246678388e-81	0.515515844030564	0.388	0.276	2.88944112509978e-76	c4	COMMD7
1.58408894214502e-80	0.266746455186809	0.838	0.739	5.31271749416597e-76	c4	SKAP1
4.9246589856145e-80	0.318910471231176	0.785	0.679	1.65163213059539e-75	c4	ARF6
5.75728515862205e-80	0.226658077338751	0.907	0.851	1.93087829649866e-75	c4	CD3G
1.07131295108326e-79	0.503922999225306	0.433	0.314	3.59296937534303e-75	c4	PRNP
1.11281260611767e-79	0.386808315808452	0.575	0.452	3.73215091839745e-75	c4	STAT4
1.27689336398774e-79	0.35225675458365	0.639	0.518	4.28244496414208e-75	c4	SYNGR2
2.69550943157665e-79	0.245616099042618	0.901	0.819	9.04019953162177e-75	c4	ACTR3
1.54703352799594e-78	0.440890488044077	0.51	0.39	5.18844104619277e-74	c4	ILK
6.79875227165583e-77	0.54420518716172	0.405	0.297	2.28016553686793e-72	c4	HDLBP
8.24874506419922e-77	0.418595752587253	0.599	0.487	2.76646411963113e-72	c4	AC016831.7
2.28225838744426e-76	0.616187077663695	0.358	0.255	7.65423817981057e-72	c4	SNHG15
3.66510346723972e-76	0.397269714580233	0.548	0.428	1.22920240084286e-71	c4	GPR174
3.82621269861115e-76	0.591425953370906	0.304	0.205	1.28323521486021e-71	c4	SMIM27
4.89245097352656e-76	0.482879188590755	0.42	0.306	1.64083020750134e-71	c4	CD58
3.59155578220748e-75	0.483300459311068	0.409	0.297	1.20453597823674e-70	c4	RNF125
2.47952959189665e-74	0.410891401693344	0.622	0.498	8.31584634530299e-70	c4	RAB5IF
3.58518395841626e-74	0.527680667301026	0.319	0.217	1.20239899597365e-69	c4	KAT6B
4.19474489771739e-74	0.508571476640559	0.366	0.26	1.40683354379646e-69	c4	LPIN1
1.38459792620674e-73	0.46396507669825	0.302	0.202	4.64366452491218e-69	c4	CDKN1A
4.17569019345303e-73	0.480714535663831	0.42	0.312	1.40044297708028e-68	c4	PIK3CD
9.07332812568129e-72	0.399692126630157	0.513	0.397	3.04301278679099e-67	c4	JAML
1.18752772222435e-71	0.534990819658834	0.374	0.271	3.98273047479602e-67	c4	MIF4GD
1.79886662759005e-71	0.491156322423963	0.407	0.3	6.0330388956115e-67	c4	MPC1
5.26800658063248e-71	0.303315037196032	0.581	0.452	1.76678404701252e-66	c4	GYG1
1.04454864805409e-70	0.244079968212467	0.795	0.677	3.50320725584382e-66	c4	NME2
9.20267380404741e-70	0.500796763094454	0.348	0.248	3.08639274040142e-65	c4	PDE3B
1.40207069129139e-69	0.418265323523352	0.51	0.397	4.70226468445306e-65	c4	MMP24OS
9.28344356884914e-69	0.393980057046578	0.515	0.402	3.11348130412063e-64	c4	ARHGEF3
2.65041895375228e-68	0.313481715322633	0.725	0.615	8.88897508709439e-64	c4	ECH1
8.76193273069892e-68	0.552624469564049	0.308	0.214	2.9385769992218e-63	c4	U2AF1L4
1.87381698066877e-67	0.525663098704356	0.316	0.22	6.28440738976691e-63	c4	PACS1
4.06004399460896e-67	0.490618886622973	0.351	0.249	1.36165755491195e-62	c4	PCMTD1
4.3795763254969e-67	0.314509202998397	0.69	0.569	1.46882230804515e-62	c4	SET
5.85004684731832e-67	0.217029643247975	0.905	0.84	1.96198871165362e-62	c4	HCLS1
8.38203470949583e-67	0.484347169101725	0.332	0.234	2.81116680087071e-62	c4	RALGDS
1.06841405702602e-66	0.166208935796583	0.972	0.934	3.58324706445386e-62	c4	MYL12B
4.81146896224427e-66	0.45767895905844	0.402	0.3	1.61367046055749e-61	c4	IDI1
9.39355585168885e-66	0.173728507810593	0.968	0.931	3.15041076153941e-61	c4	UBB
1.05776309025743e-65	0.545570853442921	0.31	0.218	3.54752585210537e-61	c4	ASXL2
1.8132768382946e-65	0.460754160305487	0.344	0.244	6.08136786027243e-61	c4	SLFN12L
1.02141749568982e-64	0.397253160130598	0.488	0.382	3.42562999704452e-60	c4	PCM1
1.31780127382071e-64	0.13744583712863	0.986	0.967	4.4196419121399e-60	c4	CYBA
1.44317530787064e-64	0.523367630328506	0.38	0.282	4.84012134753655e-60	c4	NUDT4
7.07497002284005e-64	0.440377560809198	0.359	0.257	2.3728034462601e-59	c4	RNF11
1.06021187351812e-63	0.400820465528925	0.498	0.392	3.55573858140506e-59	c4	MGAT1
1.17611997452038e-63	0.257526172662009	0.796	0.691	3.94447117054646e-59	c4	WDR83OS
3.02711513760712e-63	0.458639789121915	0.384	0.284	1.01523387485068e-58	c4	SERPINB9
6.00172154165414e-63	0.456751156273729	0.409	0.309	2.01285737063996e-58	c4	CCDC115
1.00260086093022e-62	0.227755843463339	0.82	0.721	3.36252276738779e-58	c4	FKBP1A
2.75968939204001e-62	0.330714100811047	0.651	0.542	9.25544628302378e-58	c4	HMOX2
4.05118094818166e-62	0.377635419830965	0.498	0.389	1.35868506640117e-57	c4	DEGS1
5.37783801689554e-62	0.187624541005516	0.957	0.915	1.80361931410643e-57	c4	PCBP2
5.42188643961277e-62	0.356555588902769	0.55	0.443	1.81839227411733e-57	c4	LASP1
1.32745202401187e-61	0.271140908328242	0.582	0.462	4.452008598131e-57	c4	LIMS1
2.4449706386584e-61	0.383929731081438	0.425	0.323	8.19994252793254e-57	c4	CEMIP2
1.07198579277514e-60	0.308653645620844	0.627	0.523	3.59522595180927e-56	c4	IQGAP1
2.17326262089754e-60	0.404948550656081	0.422	0.319	7.28868817796616e-56	c4	SNHG12
2.95132317113294e-60	0.519492709011617	0.307	0.218	9.89814765134566e-56	c4	PEX2
3.01555530783276e-60	0.314385822060908	0.481	0.368	1.01135693914095e-55	c4	ZBTB38
5.67567397348788e-60	0.298518379735758	0.705	0.608	1.90350753722836e-55	c4	BZW1
6.74555379829594e-60	0.472428529241227	0.378	0.282	2.26232383287249e-55	c4	HACD4
1.77651123965429e-59	0.49584381187627	0.348	0.257	5.95806339555256e-55	c4	FPGS
3.30113629451725e-59	0.294449309223203	0.532	0.415	1.1071350904552e-54	c4	CHST12
4.74403390727783e-59	0.30399302846529	0.636	0.52	1.59105409182284e-54	c4	SEC11A
1.39451229174699e-58	0.493986483454543	0.463	0.366	4.67691532406105e-54	c4	SDF2L1
5.13795911592384e-58	0.264352697597225	0.797	0.716	1.72316872829854e-53	c4	HSPE1
7.21736635098874e-58	0.302648372469942	0.738	0.641	2.4205603267946e-53	c4	RPS27L
7.47077702021664e-58	0.590100825049391	0.34	0.253	2.50554919704026e-53	c4	INSIG1
1.09754732550764e-57	0.311373636982141	0.633	0.532	3.68095422028754e-53	c4	TMEM230
1.38934571822511e-57	0.223421906314936	0.824	0.734	4.65958766978337e-53	c4	TXNIP
3.69565338890401e-57	0.274459897020836	0.636	0.524	1.23944823357063e-52	c4	DOK2
9.38388095514741e-57	0.460115301894429	0.314	0.224	3.14716599473734e-52	c4	PRKAR2A
1.64841917247035e-56	0.492920745876189	0.341	0.253	5.52846822063105e-52	c4	PTPN18
2.17183531667261e-56	0.288721005771752	0.685	0.578	7.2839012850566e-52	c4	RNPS1
3.83511653573081e-56	0.283952330729848	0.687	0.58	1.2862213837534e-51	c4	BAX
4.44997566668159e-56	0.334861307486075	0.556	0.445	1.49243283909167e-51	c4	MLF2
5.04928056212934e-56	0.428005142939049	0.398	0.303	1.69342771492694e-51	c4	UBE2J1
5.47415639183367e-56	0.320643542537671	0.482	0.376	1.83592257069318e-51	c4	APMAP
6.72297736634433e-56	0.38725329819905	0.54	0.44	2.25475214912456e-51	c4	EVI2A
1.54053063515089e-55	0.444208454257366	0.325	0.234	5.16663164416905e-51	c4	DCAF5
5.060909587362e-55	0.418744253658491	0.408	0.312	1.69732785740947e-50	c4	HPS1
6.44994917559473e-55	0.179743395009849	0.935	0.873	2.16318395451096e-50	c4	TPM3
9.48083270254634e-55	0.276556031059084	0.673	0.574	3.17968167177999e-50	c4	LAMP1
1.72316821820368e-54	0.356675235091359	0.457	0.354	5.7791615702115e-50	c4	TTC3
1.53107274726026e-53	0.423323602162263	0.403	0.31	5.13491177976147e-49	c4	UBTF
1.7866136843952e-53	0.419821805252208	0.398	0.306	5.99194497472462e-49	c4	ZFAND6
2.9583466471414e-53	0.258082175684039	0.72	0.631	9.92170298518282e-49	c4	ELF1
7.77394512717521e-53	0.3007486386779	0.627	0.518	2.60722571675202e-48	c4	NDUFS8
1.41199989944197e-52	0.240021939760494	0.766	0.672	4.73556526274848e-48	c4	CELF2
1.70883081195331e-52	0.391442078405961	0.46	0.364	5.73107677712901e-48	c4	RNF139
2.14418125286164e-52	0.363748474259403	0.415	0.32	7.19115508584735e-48	c4	DUSP5
2.30527501971099e-52	0.298147280844182	0.636	0.543	7.73143136110672e-48	c4	DOCK8
3.16641439185672e-52	0.41983994352572	0.32	0.232	1.06195205874091e-47	c4	TBX21
3.95385312485254e-52	0.391940074839398	0.526	0.434	1.32604326101304e-47	c4	FAM177A1
3.97499744525179e-52	0.421664396962703	0.322	0.235	1.33313464318855e-47	c4	HERC1
6.01263393827218e-52	0.375205815656764	0.403	0.307	2.01651717021772e-47	c4	TNFRSF1A
7.32874155121434e-52	0.369746960499377	0.318	0.229	2.45791334144627e-47	c4	AHR
7.33628091974841e-52	0.407670593624522	0.363	0.27	2.46044189486522e-47	c4	FYTTD1
1.27777904521247e-51	0.344956587772981	0.346	0.251	4.28541536183359e-47	c4	PERP
2.31132223501638e-51	0.441677071483703	0.36	0.272	7.75171251179793e-47	c4	RPS6KA1
3.77650870178263e-51	0.440297285557573	0.315	0.229	1.26656548840386e-46	c4	TTC19
5.07003985770349e-51	0.325765511964273	0.534	0.436	1.7003899674766e-46	c4	PHF20
1.30053914343494e-50	0.23502317485375	0.798	0.717	4.3617481792521e-46	c4	ANXA11
2.10721662971947e-50	0.189292002018097	0.725	0.623	7.06718313275316e-46	c4	CSRNP1
2.61159562847259e-50	0.295961664143615	0.574	0.473	8.75876941877138e-46	c4	ROCK1
2.69299655755186e-50	0.120804272934403	0.986	0.965	9.03177185471742e-46	c4	H3F3A
2.98841315132915e-50	0.259745411237984	0.699	0.61	1.00225400269277e-45	c4	CD164
9.20057491054134e-50	0.279171537251612	0.608	0.506	3.08568881349735e-45	c4	TAF7
1.2014326538443e-49	0.426782429500297	0.336	0.25	4.02936483446302e-45	c4	CTSD
2.05595167648559e-49	0.36957578865885	0.415	0.322	6.89525073259738e-45	c4	SMARCA2
7.10767961145497e-49	0.249503877947108	0.731	0.648	2.38377358808977e-44	c4	EMD
1.84101608201656e-48	0.259058437953082	0.676	0.58	6.17439973586713e-44	c4	TAX1BP1
2.59481180868641e-48	0.469839162375063	0.313	0.232	8.70247984397249e-44	c4	ZNF217
1.02987319532602e-47	0.389963228388902	0.409	0.321	3.45398872248441e-43	c4	AMZ2
1.10066790071317e-47	0.279964908233731	0.642	0.542	3.69142000541182e-43	c4	SCAND1
1.13153026529212e-47	0.246158144815124	0.598	0.495	3.79492620373671e-43	c4	RBMS1
2.70232430816633e-47	0.353039005298367	0.403	0.313	9.06305526472824e-43	c4	INPP5D
3.91985828265765e-46	0.416956834850129	0.318	0.238	1.31464207083772e-41	c4	B4GALT1
9.6647220405989e-46	0.218633419313817	0.83	0.758	3.24135447797606e-41	c4	MYH9
1.68565516543113e-45	0.310452227064256	0.466	0.374	5.65335029382292e-41	c4	DYNC1H1
1.87526356790278e-45	0.410660630876401	0.336	0.254	6.28925895403234e-41	c4	C21orf91
9.93051999308691e-45	0.450253165155507	0.327	0.25	3.33049779528149e-40	c4	COA1
1.20938774027634e-44	0.367945775037	0.419	0.33	4.05604460333879e-40	c4	MAP2K2
7.5716113421217e-44	0.322840900590608	0.479	0.386	2.53936701192077e-39	c4	ARL2BP
2.44125880669949e-43	0.344909757249999	0.415	0.328	8.18749378590876e-39	c4	PPP1CB
3.97938320602082e-43	0.197258923743536	0.822	0.763	1.33460553963526e-38	c4	CIB1
6.97523325679165e-43	0.300344106990217	0.454	0.36	2.33935372966278e-38	c4	FLOT1
7.04379376470849e-43	0.183515088553696	0.875	0.812	2.36234755280793e-38	c4	PTGES3
1.22229922516805e-42	0.236155014072676	0.647	0.552	4.09934714136861e-38	c4	AUP1
1.63063795281555e-42	0.208390861153182	0.766	0.659	5.4688335661528e-38	c4	DBI
2.04568586086787e-42	0.223503692221008	0.758	0.673	6.86082124017866e-38	c4	EID1
2.36487920681295e-42	0.34417268772552	0.375	0.29	7.93133188380926e-38	c4	CNOT6L
3.13737131090405e-42	0.367851746284451	0.374	0.291	1.052211590251e-37	c4	MAZ
7.31283972906953e-42	0.21190673703856	0.731	0.653	2.45258018833534e-37	c4	REX1BD
1.2637677879429e-41	0.254584056689858	0.623	0.528	4.23842440720291e-37	c4	STUB1
1.27668948209157e-41	0.221873268639042	0.741	0.636	4.2817611850387e-37	c4	PRELID1
2.10330300354999e-41	0.353226640828895	0.394	0.312	7.05405761330594e-37	c4	COMMD8
2.73044788959992e-41	0.308610182931993	0.482	0.39	9.15737613214021e-37	c4	AC243960.1
3.3010939553246e-41	0.3287274300671	0.44	0.354	1.10712089073676e-36	c4	ADSS
3.75365555223237e-41	0.357213434963234	0.385	0.301	1.25890099910769e-36	c4	SEPHS2
4.17617031833025e-41	0.399671784601582	0.336	0.259	1.4006040013616e-36	c4	MFSD14A
7.43886523466121e-41	0.110735068362046	0.973	0.923	2.49484662240068e-36	c4	CLIC1
9.31322105247125e-41	0.317406602354666	0.418	0.332	3.12346807657781e-36	c4	CHST11
1.49363219009422e-40	0.299119013985207	0.507	0.42	5.00934363913799e-36	c4	MAF1
2.44204032357362e-40	0.242046854504445	0.672	0.578	8.1901148372012e-36	c4	CAPZA1
3.4445864772163e-40	0.352242795042788	0.361	0.281	1.1552454127288e-35	c4	ST8SIA4
3.75481760971512e-40	0.169706976867908	0.92	0.874	1.25929072994626e-35	c4	ALDOA
1.00626622322053e-39	0.324579361925906	0.407	0.321	3.37481565943702e-35	c4	TMEM147
3.81068771056708e-39	0.306325437915283	0.522	0.435	1.27802844436999e-34	c4	EIF1AX
4.83844828365587e-39	0.324492083473228	0.463	0.374	1.62271878537251e-34	c4	SRM
4.88530209681488e-39	0.295495233669068	0.48	0.393	1.63843261722977e-34	c4	CPNE1
1.02456308042829e-38	0.331953115666645	0.448	0.363	3.4361796591404e-34	c4	TMOD3
1.40566806875533e-38	0.273485374369511	0.51	0.419	4.71432956899164e-34	c4	DHX36
2.50243834231525e-38	0.205844875610563	0.727	0.633	8.39267771245689e-34	c4	SH2D2A
3.46595565390047e-38	0.400511399710698	0.317	0.244	1.16241220720514e-33	c4	SLC25A1
5.22600099586627e-38	0.428652903361339	0.309	0.238	1.75269621399363e-33	c4	DLST
6.41704118695832e-38	0.292950354675161	0.479	0.388	2.15214727328208e-33	c4	TADA3
7.6858931632629e-38	0.396243900546643	0.31	0.238	2.57769484909511e-33	c4	DCTD
9.96085048972079e-38	0.33560959714486	0.426	0.343	3.34067003724256e-33	c4	FIBP
1.29254608081319e-37	0.248398574463846	0.576	0.488	4.33494104583127e-33	c4	CANX
1.29339865957058e-37	0.311415012798058	0.372	0.292	4.33780042446782e-33	c4	NIN
1.97390475955044e-37	0.257176378351634	0.6	0.509	6.62008178258026e-33	c4	METTL9
2.11192168342222e-37	0.296345962379391	0.399	0.316	7.08296294186143e-33	c4	PTPRA
2.19079183966525e-37	0.332312534476229	0.388	0.311	7.34747767186933e-33	c4	CEBPZ
2.41560392093838e-37	0.0518418434640613	0.623	0.519	8.10145243004314e-33	c4	RGS2
2.53436309099054e-37	0.347492332056954	0.347	0.27	8.49974693456407e-33	c4	DNAJC3
2.79725771774793e-37	0.337749217582347	0.404	0.323	9.38144293378302e-33	c4	SMARCB1
2.91449050880155e-37	0.242602948067011	0.493	0.397	9.77461826841865e-33	c4	NUCB2
3.07934373609629e-37	0.275562827745975	0.503	0.412	1.03275030221197e-32	c4	TCP1
4.61518035900372e-37	0.27658541284106	0.551	0.457	1.54783918880267e-32	c4	MOB1A
5.27296854989985e-37	0.229163315890114	0.61	0.526	1.76844819226541e-32	c4	KTN1
6.32805455660646e-37	0.258726563882623	0.587	0.498	2.12230293719468e-32	c4	PARP8
1.10599745279045e-36	0.244690720285081	0.581	0.494	3.70929425716863e-32	c4	SCAMP2
1.13220544990052e-36	0.268441583533995	0.465	0.375	3.79719063787635e-32	c4	HSD17B11
1.18260133494945e-36	0.283869183953554	0.616	0.536	3.96620835715348e-32	c4	SDCBP
1.4250302776452e-36	0.153485544040999	0.965	0.928	4.77926654516648e-32	c4	SRP14
1.55921347511776e-36	0.225274981847258	0.681	0.585	5.22929015284995e-32	c4	ENSA
1.58067633141274e-36	0.259021196092116	0.499	0.414	5.30127228029206e-32	c4	MACF1
6.18548843901176e-36	0.272080011662721	0.531	0.443	2.07448911267576e-31	c4	CTDSP1
6.503821056711e-36	0.223783862123983	0.632	0.553	2.18125150599974e-31	c4	TSTD1
6.65407861409734e-36	0.251941894491169	0.562	0.473	2.23164488559597e-31	c4	NDUFV1
9.05102470762826e-36	0.356584854790226	0.323	0.249	3.03553266644436e-31	c4	TP53I13
1.26492362418755e-35	0.290585141606117	0.373	0.291	4.24230085080021e-31	c4	OFD1
1.32635667462926e-35	0.351897641316864	0.384	0.308	4.44833501537161e-31	c4	UHMK1
2.66893089235953e-35	0.296636510108467	0.387	0.306	8.95106042679541e-31	c4	TMEM50B
3.11067207153195e-35	0.264909832270213	0.543	0.465	1.04325719935039e-30	c4	SEMA4D
3.58835799671623e-35	0.267976753380198	0.438	0.354	1.20346350493869e-30	c4	RASA2
6.18836711999917e-35	0.281420059452294	0.441	0.357	2.07545456470532e-30	c4	CDC26
7.06967306301569e-35	0.145329221820135	0.883	0.827	2.3710269518742e-30	c4	LCP2
7.85913544181037e-35	0.178313620195925	0.75	0.68	2.63579684447436e-30	c4	DDX24
1.01218907309223e-34	0.297044001732737	0.443	0.363	3.3946797133367e-30	c4	HSF1
1.0235639978452e-34	0.302645756713008	0.4	0.322	3.43282893597323e-30	c4	AP3S1
1.05658110489057e-34	0.325032551529401	0.4	0.322	3.54356170958199e-30	c4	PQLC3
1.34645577139777e-34	0.305602839820717	0.432	0.352	4.51574336611384e-30	c4	FDX1
2.43714088893878e-34	0.330076202049977	0.361	0.286	8.17368311332287e-30	c4	BLOC1S4
2.8462999435461e-34	0.261423115097991	0.42	0.338	9.5459207506649e-30	c4	PITHD1
3.02413990338259e-34	0.254339836811032	0.411	0.326	1.01423604079645e-29	c4	APOBEC3C
3.5519753188356e-34	0.234346079883406	0.545	0.454	1.19126148243108e-29	c4	NAA10
5.19332784589035e-34	0.307767570598386	0.428	0.35	1.7417382929547e-29	c4	DAXX
5.33432078525885e-34	0.186990967573392	0.602	0.511	1.78902450496011e-29	c4	TENT5C
7.26122289195848e-34	0.35254908516538	0.322	0.251	2.43526893350504e-29	c4	PIGC
1.26548341570967e-33	0.0947132542072948	0.913	0.866	4.2441782796071e-29	c4	SRSF7
1.68420829897948e-33	0.316126344462704	0.409	0.332	5.64849779311738e-29	c4	COX20
1.80486033970108e-33	0.238334008096534	0.574	0.483	6.05314060728948e-29	c4	VDAC1
2.11382602227087e-33	0.318495653491118	0.374	0.3	7.08934971349204e-29	c4	CISD2
2.18360227627606e-33	0.224507163709754	0.652	0.569	7.32336531417465e-29	c4	TMED2
2.21126986497188e-33	0.344729319386858	0.334	0.264	7.41615687314268e-29	c4	RPS6KA3
2.43322616358692e-33	0.333836110029775	0.308	0.238	8.16055390743781e-29	c4	PPP2R5E
2.97645769463032e-33	0.261249307667103	0.524	0.44	9.98244381625115e-29	c4	TMEM9B
3.12001472767315e-33	0.349073446707565	0.33	0.259	1.04639053936702e-28	c4	ZNF394
3.49448775767085e-33	0.255401243258633	0.439	0.358	1.17198130416765e-28	c4	PLEKHF1
6.71230582424578e-33	0.223165387042017	0.557	0.473	2.25117312733555e-28	c4	TGFB1
6.79612466985195e-33	0.275304562360575	0.44	0.363	2.27928429177495e-28	c4	ZNF800
7.48139338938295e-33	0.282727722271568	0.456	0.376	2.50910971493125e-28	c4	NR1H2
9.07212129729975e-33	0.33335958193906	0.3	0.232	3.04260804068839e-28	c4	PREX1
1.47278966437038e-32	0.244109196566645	0.57	0.482	4.93944197636538e-28	c4	LAMTOR1
2.10508172242729e-32	0.138550182627964	0.873	0.79	7.06002308067664e-28	c4	PPP1CA
2.30409002984656e-32	0.144033446517575	0.92	0.871	7.7274571420994e-28	c4	LCP1
2.82841308099437e-32	0.211345556703466	0.664	0.576	9.48593179103891e-28	c4	C9orf78
6.09621741982793e-32	0.281370536242089	0.429	0.353	2.04454939826189e-27	c4	RCN2
7.37985864212561e-32	0.203871201115015	0.737	0.681	2.47505699139609e-27	c4	YPEL5
7.8981738292098e-32	0.306334181056805	0.382	0.309	2.64888953884038e-27	c4	ZFAND2B
1.02616961684471e-31	0.32235432724401	0.358	0.287	3.4415676609738e-27	c4	GTF2I
1.31329861238022e-31	0.340971361634085	0.301	0.236	4.40454088620077e-27	c4	UBN1
1.96450658213574e-31	0.213682826211331	0.592	0.506	6.58856217516683e-27	c4	OCIAD1
2.07000107010072e-31	0.22499468494105	0.595	0.515	6.9423695889038e-27	c4	SCP2
2.64111589932071e-31	0.36055026473631	0.304	0.238	8.85777450314179e-27	c4	LYRM2
3.03954915783176e-31	0.232957776653617	0.632	0.546	1.01940399655361e-26	c4	ROMO1
4.02107151262946e-31	0.305969737499996	0.39	0.317	1.34858696390567e-26	c4	BLOC1S1
4.17149161959596e-31	0.184819554195713	0.754	0.673	1.39903485938009e-26	c4	RBM8A
4.99807033281701e-31	0.281133914997673	0.397	0.319	1.67625282822017e-26	c4	RBBP7
6.09338735120685e-31	0.318478006294723	0.318	0.251	2.04360024984775e-26	c4	HECTD1
6.42472855724816e-31	0.236936191435689	0.562	0.478	2.15472546352989e-26	c4	SNX17
6.55111785436611e-31	0.28217823548141	0.377	0.303	2.19711390599731e-26	c4	B3GAT3
8.09121626043937e-31	0.253649619374661	0.472	0.396	2.71363210942616e-26	c4	ZRANB2
9.12372176175507e-31	0.286590955811351	0.341	0.271	3.05991380445741e-26	c4	TTC14
9.14445361118489e-31	0.312405609881898	0.378	0.308	3.06686685211919e-26	c4	PEF1
9.24312286358174e-31	0.206653734850424	0.669	0.585	3.09995854598804e-26	c4	PDIA6
2.51172985527872e-30	0.177171463669954	0.765	0.701	8.42383958863376e-26	c4	PRRC2C
3.73993278971875e-30	0.348974455305255	0.32	0.254	1.25429865901587e-25	c4	PIGT
4.7579574900261e-30	0.244047369089993	0.405	0.331	1.59572378300495e-25	c4	HSPH1
4.78328516489677e-30	0.269367527022297	0.436	0.359	1.60421817860308e-25	c4	OGFR
5.58699214573896e-30	0.0218026476829651	0.99	0.976	1.87376542583793e-25	c4	CD52
1.35084159710845e-29	0.264258694207104	0.447	0.373	4.53045254838232e-25	c4	PRPF4B
1.38499466447834e-29	0.239160811155871	0.451	0.373	4.64499510572747e-25	c4	DENND1C
1.42301646992123e-29	0.307180323684183	0.377	0.309	4.77251263682183e-25	c4	INPP4A
1.43023621137386e-29	0.170849704540279	0.734	0.659	4.79672620570565e-25	c4	KMT2E
1.80684822972939e-29	0.238482155649653	0.434	0.356	6.05980759286643e-25	c4	ODF2L
2.52628112078424e-29	0.266597584689464	0.418	0.343	8.47264162288619e-25	c4	LYPLA1
2.81977119777461e-29	0.102183437344904	0.946	0.916	9.45694864309649e-25	c4	HSP90AB1
2.97234587391653e-29	0.062957893621596	0.575	0.48	9.96865359194127e-25	c4	TUBB4B
3.95085029942073e-29	0.208775276461273	0.438	0.351	1.32503617341972e-24	c4	PHF1
4.11402179831291e-29	0.209995042100616	0.548	0.467	1.37976063071818e-24	c4	PNRC2
4.27983286148231e-29	0.325184018555642	0.34	0.275	1.43537034508394e-24	c4	SMIM12
5.50488290089711e-29	0.175493958467763	0.743	0.659	1.84622762730287e-24	c4	UBE2I
6.14696755262575e-29	0.225131187466952	0.602	0.532	2.06156997779962e-24	c4	CAST
7.73520343432749e-29	0.265439876273116	0.358	0.286	2.59423252780476e-24	c4	MDFIC
9.23210112060026e-29	0.208558777882834	0.522	0.443	3.09626207382692e-24	c4	YPEL3
1.09180300688559e-28	0.325841828660342	0.313	0.248	3.66168892449289e-24	c4	PPID
1.24569234368484e-28	0.263154865691398	0.466	0.391	4.17780298225021e-24	c4	ZFAND5
1.44410486433765e-28	0.25459643634912	0.426	0.351	4.84323889401561e-24	c4	NAXE
1.45609106536894e-28	0.297218669670082	0.566	0.501	4.88343821503436e-24	c4	PIM1
1.89577974399434e-28	0.218747481123781	0.521	0.433	6.35806610540822e-24	c4	NUDC
2.45030901528906e-28	0.275004878030842	0.378	0.305	8.21784637547645e-24	c4	LAGE3
2.48710464346482e-28	0.245222505299752	0.43	0.354	8.34125155325233e-24	c4	TMED5
4.68189395006259e-28	0.153937817356747	0.828	0.76	1.57021359297199e-23	c4	APBB1IP
6.70693097841622e-28	0.280289467514613	0.397	0.325	2.24937051154123e-23	c4	VPS36
7.12848110638341e-28	0.252505634690971	0.405	0.331	2.39074999345887e-23	c4	CISD3
1.67463771019334e-27	0.182728161738086	0.747	0.678	5.61639995244643e-23	c4	VPS28
1.99713094556152e-27	0.273218898332396	0.423	0.352	6.69797776522422e-23	c4	RELA
2.32962377831825e-27	0.303470462780493	0.303	0.239	7.81309222772376e-23	c4	ACD
3.00450191015667e-27	0.0921039751042052	0.949	0.909	1.00764985062834e-22	c4	LCK
6.55022230262819e-27	0.126819599801164	0.696	0.601	2.19681355585544e-22	c4	DEK
7.95567814403555e-27	0.206248905735075	0.513	0.431	2.66817533594664e-22	c4	DSTN
1.32558187706922e-26	0.259841045074654	0.36	0.291	4.44573649931474e-22	c4	FBXL5
1.42227928295234e-26	0.264734263641375	0.389	0.32	4.77004025916557e-22	c4	PDCD6IP
1.63908091219712e-26	0.264235704495118	0.346	0.28	5.4971495633267e-22	c4	SENP6
2.05420078326999e-26	0.172461184607267	0.364	0.289	6.88937858693089e-22	c4	BCL2
2.74335603909703e-26	0.183498672225331	0.699	0.618	9.2006674839236e-22	c4	PA2G4
3.43664010077136e-26	0.183355728176811	0.633	0.556	1.1525803569967e-21	c4	BIN1
3.64377953959332e-26	0.24716536814025	0.363	0.293	1.22205078198881e-21	c4	CENPC
3.68764008028469e-26	0.13457803694244	0.826	0.751	1.23676073012588e-21	c4	DRAP1
3.84159566435447e-26	0.128276831918978	0.863	0.813	1.2883943539112e-21	c4	MBNL1
4.41361688023515e-26	0.227683906803617	0.462	0.39	1.48023882929327e-21	c4	DERL1
4.51055487925361e-26	0.219135979645875	0.545	0.471	1.51274989540408e-21	c4	IRF2
4.5247492753417e-26	0.328650089763204	0.301	0.241	1.5175104119641e-21	c4	MRPL36
6.50648297945252e-26	0.296943291430497	0.321	0.258	2.18214426164879e-21	c4	IMP4
7.4192290993452e-26	0.191616345082714	0.529	0.444	2.48826105533839e-21	c4	TMEM160
8.62968406408761e-26	0.254128611869636	0.386	0.317	2.8942234414137e-21	c4	DNTTIP2
9.23165268518826e-26	0.194406572958069	0.599	0.516	3.09611167755844e-21	c4	SF3A2
1.0128536097698e-25	0.319073604176891	0.336	0.274	3.39690843644594e-21	c4	NXT1
1.34265223789911e-25	0.197042877662791	0.577	0.505	4.50298707546603e-21	c4	SCAF11
1.48845614922783e-25	0.258965023530236	0.343	0.277	4.9919842332803e-21	c4	AFF4
1.96032804451099e-25	0.291477830992672	0.31	0.248	6.57454819568096e-21	c4	USP47
2.19249706520342e-25	0.199779320949239	0.752	0.693	7.35319665727924e-21	c4	HSP90B1
5.38682635462306e-25	0.217550325344938	0.459	0.385	1.80663382281348e-20	c4	RPP21
7.33092747724508e-25	0.246098440439994	0.407	0.334	2.45864645731845e-20	c4	AKR1B1
7.91277442659247e-25	0.194518616488328	0.525	0.448	2.65378628719058e-20	c4	C4orf48
1.15569000515725e-24	0.27190459178482	0.332	0.269	3.87595313929638e-20	c4	ERICH1
1.47516783876099e-24	0.190886829155935	0.57	0.494	4.94741789763661e-20	c4	METTL26
1.66014586467467e-24	0.254843209143972	0.357	0.29	5.56779720094589e-20	c4	NBDY
1.73380490428333e-24	0.107570448190956	0.779	0.693	5.81483488798544e-20	c4	C9orf16
1.84499520687946e-24	0.303911078835527	0.342	0.281	6.18774492483233e-20	c4	RANGRF
2.19561663843086e-24	0.218443930183366	0.503	0.429	7.36365908196941e-20	c4	CCT2
3.05013436392157e-24	0.228489877815981	0.436	0.367	1.02295406297201e-19	c4	RAB6A
3.18989916948488e-24	0.179361455624462	0.599	0.521	1.06982838346184e-19	c4	ODC1
3.98851528426125e-24	0.281274276243896	0.367	0.304	1.33766825603554e-19	c4	BLOC1S2
4.67246796967715e-24	0.30248935117115	0.346	0.287	1.56705230767032e-19	c4	UBL7
4.96220850100043e-24	0.161206836205602	0.668	0.589	1.66422548706553e-19	c4	NCOR1
6.1217099849214e-24	0.226067073033921	0.476	0.404	2.05309909474294e-19	c4	CYB5R3
6.16844536817957e-24	0.267287402697894	0.32	0.259	2.06877320758007e-19	c4	SLC25A38
6.40265292053221e-24	0.131471659776081	0.674	0.601	2.14732173648809e-19	c4	IDS
8.8447893597096e-24	0.329323852546111	0.312	0.255	2.9663654554594e-19	c4	CDK6
1.63331173327297e-23	0.241075944342348	0.44	0.371	5.47780089105088e-19	c4	EIF6
1.6488079817482e-23	0.210018976774379	0.436	0.366	5.52977220918711e-19	c4	PTBP3
2.01225319913975e-23	0.253457711800907	0.373	0.308	6.74869477927489e-19	c4	RPL7L1
2.43259480805339e-23	0.214528022792178	0.51	0.44	8.15843646724948e-19	c4	ISG15
2.44238598564184e-23	0.272942248913411	0.347	0.286	8.19127411864561e-19	c4	SIPA1
2.67877879349706e-23	0.168360184704277	0.615	0.527	8.98408831763044e-19	c4	BANF1
2.73079246249142e-23	0.233783872941293	0.343	0.278	9.15853176070372e-19	c4	CALHM2
2.77332912628112e-23	0.247053720331661	0.366	0.302	9.30119122372162e-19	c4	BBX
3.24163398203014e-23	0.248215521230811	0.405	0.342	1.08717920489327e-18	c4	DNM2
3.88351821444412e-23	0.146097977781303	0.783	0.725	1.30245433876027e-18	c4	SUN2
4.00892934400182e-23	0.29256537362935	0.313	0.255	1.34451472339133e-18	c4	APPL1
5.1860077000671e-23	0.148728556253913	0.437	0.365	1.7392832624485e-18	c4	UGP2
5.78883217370736e-23	0.218322699360282	0.471	0.4	1.94145853441797e-18	c4	SHKBP1
7.76448764783046e-23	0.211453234352398	0.492	0.421	2.60405386732938e-18	c4	PSMB8-AS1
7.88083667102463e-23	0.21893480327179	0.373	0.307	2.64307500272824e-18	c4	SRSF8
8.26235880559339e-23	0.151577862841056	0.534	0.45	2.77102989621991e-18	c4	RGL4
8.56058868596649e-23	0.231565055722794	0.4	0.336	2.87105023349944e-18	c4	METTL5
1.24566562854774e-22	0.243666664310514	0.367	0.304	4.17771338502341e-18	c4	STARD7
1.24882024082449e-22	0.312406238277456	0.308	0.253	4.18829332367719e-18	c4	ACADM
1.89267994972633e-22	0.241660719440761	0.31	0.252	6.34767001539217e-18	c4	CHD4
2.18502578542975e-22	0.215679564911901	0.483	0.414	7.32813947917429e-18	c4	RAB14
2.34739931444152e-22	0.299450516669235	0.307	0.251	7.87270782077397e-18	c4	RAMMET
2.72700075050817e-22	0.293697641067634	0.3	0.245	9.14581511705429e-18	c4	PLEKHB2
2.78365352915379e-22	0.220052748554304	0.425	0.359	9.33581720607599e-18	c4	RNF166
3.10721940928738e-22	0.221188911435963	0.35	0.289	1.0420992454868e-17	c4	SPPL2A
4.25215281287718e-22	0.200877930889772	0.404	0.34	1.42608701038275e-17	c4	TRA2A
5.29610937860997e-22	0.226547801870215	0.407	0.344	1.77620916339821e-17	c4	BPTF
6.68388525048833e-22	0.242588078438616	0.3	0.242	2.24164143530878e-17	c4	USP20
7.5517337376822e-22	0.243079841705432	0.36	0.299	2.53270046094386e-17	c4	CD2BP2
7.59176911200623e-22	0.282549831085377	0.336	0.279	2.54612752478465e-17	c4	BAG1
7.73105214018735e-22	0.153401846812802	0.79	0.719	2.59284026677603e-17	c4	CDC42
7.94102124311097e-22	0.193325483846846	0.539	0.466	2.66325970451456e-17	c4	EIF4A1
8.41954453037587e-22	0.254573108108861	0.337	0.278	2.82374684459746e-17	c4	ABTB1
9.01028232729122e-22	0.243394983775956	0.404	0.341	3.02186848692693e-17	c4	CCDC59
1.44631954600008e-21	0.137647227563352	0.732	0.657	4.85066649337507e-17	c4	SRSF2
1.54367441640592e-21	0.128412912791955	0.839	0.77	5.17717525774218e-17	c4	ATP5F1D
1.94836350195471e-21	0.220405313020397	0.397	0.334	6.53442151285572e-17	c4	NDUFAF8
1.95130802927578e-21	0.175061168845043	0.548	0.476	6.5442968685851e-17	c4	R3HDM4
2.35863787392604e-21	0.168448052850409	0.664	0.592	7.91039970157315e-17	c4	ACTR2
2.58789114175962e-21	0.251772384555911	0.305	0.248	8.67926931123342e-17	c4	RNF113A
2.74913605693922e-21	0.203736011948347	0.508	0.437	9.22005250776275e-17	c4	DGUOK
4.43468555873494e-21	0.265680157257628	0.367	0.305	1.48730484268852e-16	c4	MANF
4.47005254885212e-21	0.256600124947884	0.351	0.293	1.49916622383402e-16	c4	RECQL
4.87373400067917e-21	0.157954507703471	0.687	0.615	1.63455290914778e-16	c4	UBXN4
5.21284954671523e-21	0.21836293844858	0.428	0.364	1.74828548097735e-16	c4	TINF2
5.96144545800756e-21	0.185203821771981	0.469	0.397	1.99934957770658e-16	c4	ATP5MC1
7.31576343622423e-21	0.187376086390092	0.462	0.397	2.45356074124088e-16	c4	OSBPL8
7.59699903911484e-21	0.185679622597085	0.563	0.493	2.54788153773834e-16	c4	PPP1R12A
7.8115301433763e-21	0.178574381845154	0.538	0.463	2.61983097948554e-16	c4	CCT6A
8.96840652921181e-21	0.250902977084104	0.316	0.259	3.00782418176706e-16	c4	FARSA
9.12102810727194e-21	0.237163963494553	0.394	0.333	3.05901040661686e-16	c4	NGRN
1.11046875316313e-20	0.240797201649273	0.347	0.289	3.72429010435852e-16	c4	ANXA2R
1.29301570097658e-20	0.297165384994486	0.311	0.258	4.33651605793526e-16	c4	ELP5
1.41470096209952e-20	0.252154704415434	0.318	0.261	4.74462408668936e-16	c4	ISCA1
1.46405142388275e-20	0.228797880881938	0.369	0.308	4.91013566541796e-16	c4	LSM10
1.78490646267859e-20	0.138279222721372	0.759	0.675	5.98621929453147e-16	c4	DYNLL1
1.78634420141782e-20	0.204177118576984	0.446	0.382	5.99104118271509e-16	c4	UFM1
1.8186331321742e-20	0.218176874694152	0.36	0.3	6.09933179868582e-16	c4	HELZ
1.8530775711647e-20	0.234004588449869	0.373	0.313	6.21485155817216e-16	c4	AK2
1.91258894877357e-20	0.190959601548673	0.539	0.469	6.41444081639679e-16	c4	HM13
2.07178092608743e-20	0.163438115922622	0.583	0.503	6.94833886991202e-16	c4	MRPL41
2.40362074247273e-20	0.205711503585075	0.305	0.246	8.06126324610506e-16	c4	TMEM43
2.53979207586093e-20	0.169602046738571	0.427	0.356	8.51795466402237e-16	c4	FAM162A
3.92191642659132e-20	0.265639477664404	0.302	0.248	1.3153323311502e-15	c4	SLC10A3
5.04532189013266e-20	0.11934776198193	0.374	0.308	1.69210005551269e-15	c4	PRDM1
6.15177868937937e-20	0.160982551448	0.542	0.473	2.06318353684405e-15	c4	SRRM2
8.02468300072062e-20	0.227300757155926	0.409	0.347	2.69131818478168e-15	c4	C19orf24
8.07662748372473e-20	0.266668088297834	0.341	0.286	2.7087393254916e-15	c4	KRCC1
1.07371381050934e-19	0.232698695517588	0.329	0.273	3.60102137768623e-15	c4	SMIM19
1.10260571133019e-19	0.247689526753236	0.304	0.249	3.69791903465919e-15	c4	IRAK4
1.26932366513414e-19	0.18387661940878	0.526	0.459	4.25705770812688e-15	c4	MRPL33
1.27335548421693e-19	0.18842898331847	0.477	0.405	4.27057962296674e-15	c4	NDUFB6
1.33507485558729e-19	0.21303143782409	0.397	0.337	4.47757405066867e-15	c4	DCAF7
1.38690892738567e-19	0.150627054093978	0.656	0.579	4.65141516066606e-15	c4	SRI
1.42860392288547e-19	0.130882828271166	0.733	0.652	4.79125183657329e-15	c4	SNRPB
1.72889707129157e-19	0.165181998301744	0.548	0.479	5.79837499769765e-15	c4	STRAP
1.790717764293e-19	0.216277530494894	0.379	0.32	6.00570923788585e-15	c4	ECHS1
1.88042081432904e-19	0.206509046477428	0.491	0.429	6.30655532709672e-15	c4	NSMCE3
2.04437165693088e-19	0.157223843058475	0.526	0.456	6.85641366301478e-15	c4	PNN
2.20493341724716e-19	0.171279218228162	0.499	0.426	7.39490569476351e-15	c4	MIEN1
3.10657112224964e-19	0.165943474938818	0.558	0.489	1.04188182298008e-14	c4	EIF1B
3.66562650373489e-19	0.172017723353526	0.607	0.54	1.22937781682261e-14	c4	MEAF6
3.76859423329718e-19	0.247587522848515	0.338	0.284	1.26391113396321e-14	c4	NUDT22
5.03240048787767e-19	0.209315543283329	0.397	0.336	1.68776647562441e-14	c4	RAD23B
5.55453981987471e-19	0.167749278588749	0.483	0.41	1.86288156478958e-14	c4	C11orf98
7.06896431434514e-19	0.170488331718238	0.555	0.487	2.37078925174507e-14	c4	WTAP
1.1111155156503e-18	0.211177123915339	0.42	0.358	3.72645921638798e-14	c4	AHSA1
1.13207424417444e-18	0.238026625983378	0.337	0.283	3.79675060011223e-14	c4	SNAP23
1.28242226767135e-18	0.192489084647591	0.396	0.336	4.30098780131616e-14	c4	PRRC2B
1.5037623020618e-18	0.235074183605179	0.306	0.253	5.04331800865486e-14	c4	RNF13
2.04917401564111e-18	0.216747733360812	0.345	0.289	6.87251981365714e-14	c4	GOPC
2.19719731399871e-18	0.115966920531362	0.77	0.708	7.36896035168888e-14	c4	VAMP8
2.26974103503607e-18	0.23698110315306	0.312	0.258	7.61225748330397e-14	c4	ERCC1
2.35658480435446e-18	0.223542812046717	0.361	0.305	7.90351411684398e-14	c4	TMEM165
2.38495538537624e-18	0.223012287081024	0.376	0.318	7.99866337147483e-14	c4	ZFR
2.4157152068078e-18	0.211732311994352	0.306	0.252	8.10182566059201e-14	c4	CNOT4
2.53938870448276e-18	0.239613014213243	0.309	0.256	8.51660183709429e-14	c4	ZNF22
2.97295516219474e-18	0.152077153027403	0.53	0.468	9.97069702296873e-14	c4	AKNA
3.04964676203979e-18	0.242298253466434	0.321	0.269	1.02279053105291e-13	c4	NAA50
3.29632802214464e-18	0.150926255428388	0.626	0.554	1.10552249206687e-13	c4	RAB1B
3.59180556328276e-18	0.181773206458944	0.352	0.293	1.20461974981377e-13	c4	OTUD6B-AS1
3.60714627079601e-18	0.137516692440523	0.693	0.623	1.20976471629956e-13	c4	EIF5A
4.01796868808145e-18	0.177593418413575	0.528	0.455	1.34754633860876e-13	c4	POLR2G
4.03379064233063e-18	0.227967061619745	0.316	0.262	1.35285270562485e-13	c4	MRPS26
4.53255062948073e-18	0.244306386534138	0.305	0.253	1.52012683011525e-13	c4	ARL2
4.94311643810781e-18	0.137324941054362	0.528	0.455	1.6578223910126e-13	c4	CALCOCO2
4.96300055478585e-18	0.168023663800783	0.472	0.407	1.66449112606408e-13	c4	U2SURP
5.39305440708405e-18	0.222292996257519	0.338	0.284	1.80872258704785e-13	c4	CSRP1
5.42050680602215e-18	0.271343813711635	0.313	0.262	1.81792957260371e-13	c4	PCID2
5.6772904533137e-18	0.203776556032541	0.365	0.308	1.90404967223235e-13	c4	ARRDC1
6.72310791860707e-18	0.197309666903416	0.405	0.346	2.25479593374244e-13	c4	EIF5B
6.97450602424533e-18	0.14613565243911	0.59	0.52	2.3391098304114e-13	c4	PTPN7
7.16103004825744e-18	0.193226377970243	0.446	0.384	2.40166625758458e-13	c4	MAT2A
8.13341109651349e-18	0.165982608604386	0.556	0.493	2.72778341354869e-13	c4	PAPOLA
8.25953320381887e-18	0.142207389905616	0.698	0.632	2.77008224589677e-13	c4	BSG
8.49527649755381e-18	0.176107342282559	0.484	0.419	2.8491458317496e-13	c4	NRBP1
8.83921076083154e-18	0.249287766819548	0.327	0.276	2.96449450496768e-13	c4	TAF9
1.09768343311483e-17	0.178864567762706	0.546	0.48	3.68141069798051e-13	c4	DYNLT1
1.12907522710747e-17	0.143019724891238	0.506	0.438	3.78669249667303e-13	c4	RTN4
1.26407354549919e-17	0.0810748070030458	0.966	0.936	4.23944985689518e-13	c4	CCNI
1.27618298217894e-17	0.217143455488899	0.339	0.284	4.28006248563174e-13	c4	NIFK
1.31911948790659e-17	0.156640235747189	0.416	0.353	4.42406293854113e-13	c4	TNRC6B
1.44081583771796e-17	0.243787066143657	0.305	0.254	4.8322081565385e-13	c4	EML3
1.55258599721422e-17	0.13042175108699	0.386	0.324	5.20706291745704e-13	c4	PDE4D
2.22373243382186e-17	0.0619108316711131	0.362	0.293	7.45795383655174e-13	c4	TIMP1
2.7711270575409e-17	0.236037489744639	0.324	0.273	9.29380592558067e-13	c4	CDC40
2.77162162746974e-17	0.188614747917355	0.374	0.315	9.29546461420803e-13	c4	RRP7A
3.0738814954412e-17	0.178816892837005	0.398	0.338	1.03091837594107e-12	c4	CD55
3.11868927220707e-17	0.142730194950179	0.656	0.581	1.04594600811281e-12	c4	ATP6V1F
3.33571666023932e-17	0.0282298750697545	0.317	0.261	1.11873265351106e-12	c4	TNFSF9
4.53387449534398e-17	0.233780539021441	0.328	0.276	1.52057082824846e-12	c4	AKR7A2
5.43286315472395e-17	0.196177094712544	0.397	0.34	1.82207364483132e-12	c4	ARIH2
5.82138986850562e-17	0.116201385086846	0.518	0.452	1.95237773409942e-12	c4	CMTM6
7.35915161883008e-17	0.185202398386775	0.369	0.312	2.46811226992323e-12	c4	ARL6IP6
7.50812956181489e-17	0.180244787378402	0.401	0.344	2.51807649244148e-12	c4	SELENOS
7.59318661102101e-17	0.191088940762335	0.421	0.365	2.54660292560422e-12	c4	ACADVL
8.38069876815955e-17	0.155165046585411	0.45	0.386	2.81071875286535e-12	c4	PHPT1
8.70823683500614e-17	0.223680476609524	0.367	0.314	2.92056846972436e-12	c4	SLC25A11
9.26044411028088e-17	0.182655803454759	0.442	0.383	3.105767745706e-12	c4	NFE2L2
9.38633363727268e-17	0.207120017394216	0.301	0.249	3.14798857526851e-12	c4	TVP23B
1.03382210147513e-16	0.150378932335754	0.544	0.478	3.46723256392728e-12	c4	POLR3GL
1.20873989022469e-16	0.143401704809994	0.427	0.362	4.05387184383558e-12	c4	EIF4A3
1.34216993376931e-16	0.119538551391352	0.428	0.363	4.50136952387552e-12	c4	TPST2
1.40278070689857e-16	0.176880085718759	0.46	0.397	4.70464593479642e-12	c4	CHIC2
1.96900499543961e-16	0.23091754759325	0.317	0.267	6.60364895370536e-12	c4	AASDHPPT
1.9941450501954e-16	0.208140011224163	0.321	0.27	6.68796366934533e-12	c4	SUCLG2
2.15401916033696e-16	0.162698027436473	0.408	0.344	7.22414945993808e-12	c4	HSPB11
2.34378523358155e-16	0.176956753529171	0.426	0.365	7.86058691638581e-12	c4	MRPS36
2.56601445292325e-16	0.239099926222749	0.324	0.274	8.605899272214e-12	c4	HCFC1R1
2.59424262876272e-16	0.182028943710416	0.39	0.333	8.7005709283444e-12	c4	EPS15
2.87683919832713e-16	0.200340937786961	0.38	0.328	9.64834330334953e-12	c4	EPRS
2.94062945952166e-16	0.124977195373836	0.472	0.409	9.86228308134375e-12	c4	CDK17
3.06893490311021e-16	0.144213884574098	0.542	0.477	1.0292593878051e-11	c4	CSNK1A1
3.94709906097604e-16	0.181443663271518	0.38	0.325	1.32377808307014e-11	c4	WAPL
3.98231834500969e-16	0.0985324791992479	0.809	0.747	1.33558992654935e-11	c4	MSN
3.98263254128501e-16	0.231522868214245	0.325	0.275	1.33569530169617e-11	c4	MRPS18B
4.03652483505147e-16	0.161412920313836	0.477	0.422	1.35376969917956e-11	c4	LUC7L3
4.80044915218662e-16	0.0911001573785537	0.746	0.653	1.60997463666035e-11	c4	COX5A
4.80071889395966e-16	0.18035793442111	0.328	0.274	1.61006510265619e-11	c4	PLD3
5.39804233341755e-16	0.175914084189747	0.41	0.351	1.81039543778158e-11	c4	RNASEH2C
5.95341886478739e-16	0.233453346963946	0.303	0.255	1.99665761887239e-11	c4	TSSC4
6.3582065074555e-16	0.158564745127447	0.458	0.398	2.13241529847043e-11	c4	FAM50A
6.46665759853412e-16	0.120132363697638	0.649	0.586	2.16878762539637e-11	c4	STAT3
7.66406925955596e-16	0.195519789580283	0.316	0.265	2.57037554826988e-11	c4	TMEM106B
7.94662886211936e-16	0.202683258241106	0.385	0.331	2.66514038777759e-11	c4	TROVE2
1.19369114223521e-15	0.221573646006276	0.313	0.264	4.00340135282846e-11	c4	SP3
1.22074943926578e-15	0.178399655512088	0.411	0.353	4.09414946940959e-11	c4	RBM42
1.64492443149101e-15	0.213025645340967	0.301	0.253	5.51674755833454e-11	c4	MORF4L2
1.9031490690266e-15	0.144571899123243	0.536	0.465	6.3827813477014e-11	c4	PIN1
1.99022111810684e-15	0.203014466690995	0.357	0.306	6.67480358590673e-11	c4	MOB3A
2.18351443675172e-15	0.116344650840122	0.552	0.489	7.32307071797791e-11	c4	RBBP6
2.47991575935092e-15	0.198801144688764	0.376	0.324	8.31714147371113e-11	c4	SYS1
2.51748589600118e-15	0.204731803125733	0.302	0.255	8.44314419800876e-11	c4	RIOK3
2.53751715409194e-15	0.16534887230086	0.743	0.7	8.51032503139354e-11	c4	SELENOK
2.8715135474264e-15	0.215064343740083	0.335	0.287	9.63048213535867e-11	c4	GPAA1
3.1572619106487e-15	0.0133127279728655	0.996	0.988	1.05888249959336e-10	c4	CFL1
3.39090299957241e-15	0.176287806805436	0.402	0.346	1.13724104799659e-10	c4	ITGB1BP1
3.96690659331572e-15	0.206368665711351	0.344	0.294	1.33042113326623e-10	c4	APEH
4.68084231990545e-15	0.198437027338412	0.354	0.304	1.56986089724989e-10	c4	BDP1
5.01686369123553e-15	0.163904279923288	0.378	0.324	1.68255574476657e-10	c4	RALGAPA1
5.89386655752947e-15	0.160892922179727	0.422	0.365	1.97668496606423e-10	c4	COQ10B
8.50000865352552e-15	0.116845356867201	0.545	0.479	2.85073290221939e-10	c4	IMP3
1.07965526129276e-14	0.219537277194839	0.331	0.283	3.62094781532366e-10	c4	RBM22
1.22382092768211e-14	0.228797780113424	0.31	0.264	4.10445062726027e-10	c4	VPS26B
1.31550451657621e-14	0.112167542780728	0.748	0.682	4.41193904769329e-10	c4	HNRNPU
1.39702170466594e-14	0.151128870024849	0.656	0.602	4.68533139310863e-10	c4	ATP5ME
1.48871489153845e-14	0.156960594137811	0.503	0.445	4.99285200324166e-10	c4	RAB2A
1.62243669101994e-14	0.18233950243673	0.323	0.274	5.44132817434268e-10	c4	PRKD2
2.50122463254507e-14	0.234061733032621	0.304	0.259	8.38860717262967e-10	c4	RTCA
2.8335109891491e-14	0.163324274293318	0.351	0.302	9.50302915540824e-10	c4	NEMF
2.83855028764642e-14	0.0987558341222561	0.844	0.795	9.51992995470858e-10	c4	PRR13
2.90371551653166e-14	0.146163664645143	0.472	0.413	9.73848109934387e-10	c4	GNAI2
2.95295895633291e-14	0.203522480899563	0.32	0.273	9.90363374774932e-10	c4	YIF1A
3.61563196791072e-14	0.174321100505144	0.347	0.296	1.2126106493979e-09	c4	CCSER2
4.28040200695819e-14	0.12300013714928	0.575	0.51	1.43556122509364e-09	c4	OXNAD1
4.87135734056425e-14	0.157670731640035	0.444	0.39	1.63375582487844e-09	c4	PRPF6
5.63323718930987e-14	0.159651493295916	0.444	0.389	1.88927508855074e-09	c4	MOB4
6.31316284251643e-14	0.141143878193574	0.571	0.509	2.11730855412316e-09	c4	SDHD
6.48332348097526e-14	0.205010978340938	0.313	0.268	2.17437702904948e-09	c4	RRP1B
6.9937715418395e-14	0.198840138191971	0.304	0.258	2.34557109970213e-09	c4	PPP4R3A
7.19809904106296e-14	0.0273772186566554	0.99	0.98	2.4140984563917e-09	c4	SRGN
7.37176153403727e-14	0.197288202114616	0.307	0.261	2.47234138328542e-09	c4	UBE2E3
8.47536097644977e-14	0.158900529195464	0.333	0.283	2.84246656428172e-09	c4	ARID4A
8.79746595179316e-14	0.159055404369898	0.347	0.297	2.95049413091239e-09	c4	DUSP11
1.16124822908928e-13	0.178183413892672	0.338	0.29	3.89459431071963e-09	c4	NGDN
1.55409093409504e-13	0.111178554899124	0.535	0.469	5.21211017476793e-09	c4	MGST3
1.76609921900431e-13	0.0249380709154924	0.308	0.255	5.92314356069666e-09	c4	CISH
1.8984746452302e-13	0.165767939591815	0.422	0.372	6.36710426517304e-09	c4	CNOT2
1.90344118850924e-13	0.10741619069664	0.802	0.731	6.38376105802229e-09	c4	TRAPPC1
1.95888336839896e-13	0.105110379783748	0.47	0.41	6.56970304093645e-09	c4	CHD2
1.97773106733298e-13	0.141504597823561	0.526	0.466	6.63291445362136e-09	c4	EIF3A
2.02467314397917e-13	0.133877929831599	0.496	0.438	6.79034879027735e-09	c4	DDX46
2.10169851240151e-13	0.12468880732653	0.586	0.519	7.04867647089218e-09	c4	RNF7
2.15842142029186e-13	0.181696857916534	0.361	0.312	7.23891375937485e-09	c4	BNIP3L
2.28107699194916e-13	0.14675694845341	0.427	0.374	7.6502760155991e-09	c4	PTDSS1
2.30494625623832e-13	0.172970113407244	0.351	0.302	7.73032875417208e-09	c4	GLOD4
2.34223243655243e-13	0.143367606134439	0.51	0.453	7.85537914570955e-09	c4	TMEM179B
2.59054181054546e-13	0.0756680875935185	0.911	0.869	8.68815912420735e-09	c4	CALM2
2.80787117412018e-13	0.122786375059848	0.515	0.448	9.41703834376427e-09	c4	ADRM1
2.87630135288124e-13	0.113962343627449	0.718	0.641	9.64653947729311e-09	c4	RALY
3.03968436510866e-13	0.138166748364132	0.45	0.391	1.01944934237014e-08	c4	RHEB
3.80719796479018e-13	0.140384566525424	0.508	0.448	1.27685805343133e-08	c4	SF3B4
3.87760536662921e-13	0.0964839636911884	0.72	0.652	1.30047128786011e-08	c4	SELENOW
4.01176606122339e-13	0.148647414252504	0.382	0.33	1.3454661016131e-08	c4	COPS5
5.14662996066753e-13	0.181607511422558	0.305	0.26	1.72607675620868e-08	c4	ACSL5
6.62469470094164e-13	0.127450549178172	0.53	0.473	2.22179010880181e-08	c4	C19orf70
6.63597252665009e-13	0.190716865977838	0.322	0.277	2.22557246598791e-08	c4	MRPS12
7.20254690367535e-13	0.13484072281597	0.423	0.37	2.41559018055464e-08	c4	CNPPD1
7.57843933940428e-13	0.123670852206209	0.619	0.552	2.54165698564941e-08	c4	AP2M1
7.84723916364763e-13	0.165661550018358	0.383	0.333	2.63180707070414e-08	c4	CDC123
7.990767784547e-13	0.107425487487432	0.584	0.53	2.67994369958137e-08	c4	MPHOSPH8
8.08424192649293e-13	0.205983834028852	0.325	0.281	2.7112930573072e-08	c4	MICU2
8.59114822216973e-13	0.0544892427023915	0.811	0.735	2.88129929075129e-08	c4	GYPC
9.10963385087855e-13	0.197624169906213	0.303	0.26	3.05518900090765e-08	c4	ELOF1
1.32955578521404e-12	0.14388425685823	0.404	0.352	4.45906419245086e-08	c4	CHMP4A
1.36110246952698e-12	0.100270994157286	0.721	0.657	4.56486546229959e-08	c4	GNG2
1.57599303445276e-12	0.10802677498946	0.391	0.339	5.28556543894765e-08	c4	P2RY10
1.76280696380976e-12	0.120061816391516	0.654	0.589	5.91210199522516e-08	c4	DYNLRB1
2.02647914450686e-12	0.147578612890815	0.319	0.272	6.79640575484711e-08	c4	KMT2C
2.3333843989984e-12	0.121049313120997	0.591	0.515	7.82570459736085e-08	c4	UQCRFS1
2.50956839623021e-12	0.144886715281114	0.385	0.335	8.41659048727689e-08	c4	NUB1
2.57040611232016e-12	0.0761255767732201	0.774	0.718	8.62062801949936e-08	c4	GPX4
2.9668570488764e-12	0.100780531446703	0.531	0.47	9.95024517052168e-08	c4	RNH1
2.99941704856176e-12	0.160904165988936	0.427	0.377	1.00594448974664e-07	c4	PDCD2
3.29933728977033e-12	0.0333108509461963	0.992	0.987	1.10653174024317e-07	c4	BTG1
3.33509036055076e-12	0.124108647812617	0.441	0.388	1.11852260512152e-07	c4	VAMP2
3.64971480535197e-12	0.166173206300127	0.371	0.324	1.22404135141894e-07	c4	GID8
3.65194274806826e-12	0.13024170941195	0.528	0.47	1.22478855884713e-07	c4	DDT
4.09831755661654e-12	0.108478114506559	0.522	0.467	1.37449374213806e-07	c4	RSF1
4.30941296752247e-12	0.0853185372973373	0.873	0.819	1.44529092104769e-07	c4	HMGN1
4.74262120057348e-12	0.164374012512333	0.333	0.287	1.59058029824833e-07	c4	UBLCP1
4.78399135282131e-12	0.124987066314066	0.611	0.548	1.60445501990921e-07	c4	RAD23A
4.97076651351590e-12	0.0689747816967928	0.607	0.555	1.66709567330296e-07	c4	JUND
5.11622172587181e-12	0.0787521163324729	0.78	0.7	1.71587844242289e-07	c4	GNG5
5.88718703688673e-12	0.143542072738081	0.376	0.326	1.97444478843107e-07	c4	RNF5
6.00926705352938e-12	0.128680371814739	0.456	0.404	2.01538798441268e-07	c4	MRFAP1
6.39373390884101e-12	0.16718283775608	0.359	0.315	2.1443304783471e-07	c4	ATP6V0D1
7.67204842062763e-12	0.132274799827948	0.453	0.401	2.57305159931009e-07	c4	STXBP2
8.37004186895812e-12	0.168893245578287	0.313	0.27	2.80714464201117e-07	c4	RPIA
9.19395368052117e-12	0.0932783871551768	0.565	0.503	3.08346818537319e-07	c4	SDF4
9.62624660897879e-12	0.12551498408477	0.554	0.495	3.22845058771931e-07	c4	FBL
9.8315084182569e-12	0.133844196722965	0.476	0.423	3.297291293315e-07	c4	HMGN4
1.07835556423946e-11	0.125771058507331	0.562	0.499	3.61658889134629e-07	c4	POLR2E
1.22461389650439e-11	0.067259249656221	0.798	0.731	4.10711008609642e-07	c4	WIPF1
1.27938031360757e-11	0.151758850209838	0.41	0.361	4.29078569577706e-07	c4	PTPN1
1.32470142073735e-11	0.146117806361252	0.367	0.321	4.44278362486894e-07	c4	AAMP
1.34542836222274e-11	0.201542695477218	0.324	0.283	4.51229764122262e-07	c4	RIC8A
1.42071194526261e-11	0.153199056195021	0.344	0.298	4.76478372202173e-07	c4	COA3
1.68701463276689e-11	0.101551056658302	0.587	0.529	5.65790967537361e-07	c4	SLC3A2
1.71568517818756e-11	0.162477972250718	0.403	0.357	5.75406495060543e-07	c4	PDCL3
1.73719336029448e-11	0.11742556680416	0.503	0.448	5.82619909175562e-07	c4	MED10
1.88902222329273e-11	0.145301305485378	0.367	0.321	6.33540273247915e-07	c4	ELOVL1
2.08294374979395e-11	0.156491645921446	0.475	0.424	6.98577674805894e-07	c4	PCNP
2.09223590970947e-11	0.127641921215659	0.421	0.37	7.01694079398363e-07	c4	IAH1
2.09934838773743e-11	0.122299140168896	0.578	0.513	7.0407946227938e-07	c4	EIF4H
2.15272245379178e-11	0.104275743047833	0.396	0.347	7.21980056552687e-07	c4	CTSA
2.15509368445014e-11	0.0990740263425772	0.655	0.595	7.22775319890888e-07	c4	MAP1LC3B
2.24112964303878e-11	0.115862436035887	0.467	0.414	7.51630059682347e-07	c4	ITSN2
2.37780169477175e-11	0.148316918123774	0.357	0.312	7.97467132392551e-07	c4	POP5
2.38132261197177e-11	0.118840092785294	0.509	0.457	7.98647977603091e-07	c4	ACAP2
2.77967896050089e-11	0.105951259517495	0.628	0.572	9.32248729772789e-07	c4	MATR3.1
2.78280139873322e-11	0.180403386580768	0.339	0.296	9.33295933107149e-07	c4	HDAC2
2.98116391817452e-11	0.137781701190788	0.382	0.335	9.99822754877369e-07	c4	UBE3A
2.99018515589383e-11	0.114070535256607	0.671	0.606	1.00284829758367e-06	c4	GHITM
3.13796145508506e-11	0.103357631918873	0.674	0.604	1.05240951280643e-06	c4	MDH2
3.57965052246061e-11	0.1298620262079	0.335	0.292	1.20054319222284e-06	c4	B3GNT2
3.65450508643513e-11	0.152157887355662	0.427	0.38	1.22564791588861e-06	c4	SH3GLB1
4.04056343492013e-11	0.188759965623898	0.353	0.31	1.35512416480351e-06	c4	CYB5B
4.27311100618345e-11	0.120302485790975	0.541	0.483	1.43311596925381e-06	c4	ZC3H15
4.50697390406118e-11	0.11170889773279	0.527	0.471	1.51154890794404e-06	c4	KDELR1
5.79248956146348e-11	0.152123021936012	0.371	0.326	1.94268514912362e-06	c4	CYB561D2
6.06679607755248e-11	0.167974513548034	0.321	0.281	2.03468206848955e-06	c4	RALBP1
6.76988766156757e-11	0.123941997426473	0.399	0.353	2.27048492393653e-06	c4	KDM5A
7.00151704492179e-11	0.0322908954756969	1	0.996	2.34816878652587e-06	c4	RPL8
8.09728406301526e-11	0.140647407224134	0.425	0.377	2.71566712905406e-06	c4	ZNF24
8.21037647671751e-11	0.147156685888871	0.383	0.337	2.75359606276152e-06	c4	THYN1
8.25091104560879e-11	0.145126771147955	0.35	0.306	2.76719054647628e-06	c4	PSENEN
9.17815299829843e-11	0.13806502764001	0.429	0.381	3.07816895256933e-06	c4	COPB1
9.35759848770066e-11	0.14365800659049	0.389	0.344	3.13835138080505e-06	c4	DNAJB14
9.51255521586789e-11	0.121154753781416	0.484	0.435	3.19032076829777e-06	c4	CGGBP1
9.58380917765358e-11	0.157505514176985	0.321	0.279	3.21421792200146e-06	c4	ATG5
9.7812963128614e-11	0.0987533358781216	0.387	0.339	3.28045115740746e-06	c4	SLC38A2
1.01128136870746e-10	0.137460680382423	0.459	0.409	3.39163545437107e-06	c4	ZNF428
1.02537126430692e-10	0.112532147609387	0.574	0.516	3.43889014623257e-06	c4	PDCD6
1.18561358623171e-10	0.130710409241218	0.312	0.269	3.97631084550392e-06	c4	RASSF7
1.22360075281303e-10	0.119850660904598	0.418	0.368	4.10371220478434e-06	c4	JMJD1C
1.23582759084881e-10	0.163676442241597	0.37	0.328	4.14471857418875e-06	c4	ATG12
1.40713199942154e-10	0.177200983279367	0.301	0.263	4.71923929965996e-06	c4	CDV3
1.46566091864153e-10	0.125968658204555	0.458	0.409	4.91553358893998e-06	c4	DDX6
1.54495424970384e-10	0.126893639642951	0.527	0.476	5.18146756265672e-06	c4	DDX18
1.55181856180587e-10	0.123085457766282	0.491	0.44	5.20448909258453e-06	c4	COPS6
1.6242301739055e-10	0.121410345846651	0.463	0.414	5.44734315724427e-06	c4	SLTM
1.68376070379613e-10	0.104128798558715	0.598	0.548	5.64699664839147e-06	c4	CMTM3
1.76589044671725e-10	0.0679810735950193	0.754	0.704	5.92244338020033e-06	c4	STK4
1.82331827006957e-10	0.132321371080217	0.427	0.377	6.11504481415934e-06	c4	CD46
1.90533454779861e-10	0.144405699089891	0.301	0.26	6.39011100640697e-06	c4	DNPEP
1.91532642462447e-10	0.15013660155599	0.332	0.291	6.42362176290553e-06	c4	IST1
2.02459956977882e-10	0.0271578188069892	0.984	0.973	6.79010203712422e-06	c4	CD3D
2.07684807709632e-10	0.0956694358892023	0.398	0.344	6.96533308096562e-06	c4	FAM102A
2.16757059703429e-10	0.129072625836401	0.35	0.305	7.2695982683336e-06	c4	HSBP1
2.39174226242651e-10	0.162540301984667	0.372	0.331	8.02142519972604e-06	c4	COPB2
2.53962141455711e-10	0.143095490668402	0.357	0.314	8.51738230014165e-06	c4	SDF2
2.55812915338206e-10	0.0738126640101562	0.813	0.751	8.57945355461276e-06	c4	PARK7
2.58983503714179e-10	0.123245521845312	0.364	0.317	8.68578874756615e-06	c4	PRKDC
3.04464200267562e-10	0.111025375046044	0.545	0.493	1.02111203485735e-05	c4	ATP6AP2
3.18148293813617e-10	0.113651361321781	0.508	0.456	1.06700574779211e-05	c4	COX14
3.18484452668149e-10	0.130560847873511	0.361	0.317	1.06813315735844e-05	c4	CDK5RAP3
3.61532425575549e-10	0.141602413946193	0.364	0.321	1.21250744889528e-05	c4	TM2D3
4.07006295785807e-10	0.113967492355691	0.314	0.271	1.36501771480644e-05	c4	BAZ2A
4.32468965080357e-10	0.111198184409451	0.49	0.435	1.4504144150865e-05	c4	GADD45GIP1
4.6289166796426e-10	0.122731703433186	0.352	0.309	1.55244607601854e-05	c4	NFATC3
4.75780151826653e-10	0.15210910598224	0.375	0.332	1.59567147319623e-05	c4	TMF1
5.36259825222591e-10	0.153434956761792	0.378	0.335	1.79850820183153e-05	c4	ASF1A
5.40722181536555e-10	0.0986572345279488	0.52	0.474	1.8134740524373e-05	c4	GCC2
5.84620634968809e-10	0.143808436694399	0.361	0.319	1.96070068555839e-05	c4	DNAJC7
5.96639413426231e-10	0.0984730871036825	0.491	0.438	2.00100926474889e-05	c4	CYBC1
6.07811924584561e-10	0.0407119907672684	0.418	0.368	2.0384796326717e-05	c4	GLUD1
6.15264714697882e-10	0.146856494287032	0.311	0.271	2.06347480015376e-05	c4	CCDC90B
7.04075693577405e-10	0.0390504550713509	0.865	0.84	2.3613290611199e-05	c4	CIRBP
8.00828361592967e-10	0.125287720075391	0.476	0.426	2.68581815911049e-05	c4	ENY2
8.32554417178809e-10	0.174066772635511	0.313	0.276	2.79222100433429e-05	c4	RNF115
9.80619780699566e-10	0.106768146570335	0.62	0.564	3.2888026205102e-05	c4	SF3B5
1.01530241256542e-09	0.118106989826279	0.413	0.366	3.4051212312619e-05	c4	EMC10
1.02488903193134e-09	0.111864040883635	0.467	0.412	3.43727283529134e-05	c4	MEA1
1.11925825863559e-09	0.0963988908563507	0.675	0.617	3.75376834781203e-05	c4	TCEA1
1.18395421380979e-09	0.0873383230712768	0.737	0.663	3.97074564227526e-05	c4	ARF5
1.22341747892392e-09	0.171308968786104	0.316	0.279	4.10309754081504e-05	c4	ECHDC1
1.31834316005137e-09	0.0876194051721538	0.641	0.58	4.42145929018027e-05	c4	PAK2
1.36476533105687e-09	0.102852538875292	0.372	0.329	4.57714996729854e-05	c4	ARHGAP25
1.52766894321785e-09	0.140842470893768	0.358	0.316	5.12349610176401e-05	c4	SMARCC2
1.73384538142873e-09	0.0114550340889976	0.994	0.99	5.81497064023567e-05	c4	UBC
2.18856604967182e-09	0.143227597397985	0.316	0.277	7.34001281738936e-05	c4	KRR1
2.27468706557636e-09	0.134235382476222	0.386	0.344	7.62884548052999e-05	c4	RNF4
2.45394380508441e-09	0.122463720887512	0.4	0.357	8.2300367334921e-05	c4	METTL23
2.4954346183813e-09	0.0512757287866985	0.344	0.297	8.36918862312719e-05	c4	GOLGA8B
2.55743390234023e-09	0.0914658746647607	0.604	0.557	8.57712182166866e-05	c4	TSC22D4
2.56458374040831e-09	0.0768156141676324	0.514	0.451	8.60110094858139e-05	c4	NHP2
2.77894083689052e-09	0.0685900657153811	0.587	0.529	9.32001177876344e-05	c4	TRIM22
2.81327171726674e-09	0.132391110080984	0.349	0.308	9.43515068536918e-05	c4	MRPS18C
2.85076068657884e-09	0.0639046210620879	0.763	0.717	9.56088119064811e-05	c4	TBC1D10C
2.89754507252975e-09	0.132922215831389	0.318	0.277	9.71778666425029e-05	c4	TNKS2
2.97229154248749e-09	0.126237945820617	0.322	0.281	9.96847137519453e-05	c4	DAZAP1
3.07490913941555e-09	0.125740094885462	0.416	0.371	0.000103126302717719	c4	MPG
3.10981268654904e-09	0.141238445771332	0.368	0.326	0.000104296897881482	c4	BAZ1B
3.11007625898737e-09	0.0790459779972268	0.657	0.596	0.000104305737573918	c4	POLD4
3.30418865779108e-09	0.119034017532987	0.344	0.303	0.000110815879204997	c4	PTOV1
3.43977071808572e-09	0.123670746713479	0.393	0.35	0.000115363030343159	c4	ATXN2L
3.61086472920961e-09	0.09651919154232	0.372	0.328	0.000121101181288232	c4	TOR1AIP1
3.83033133312754e-09	0.0806836481081983	0.796	0.731	0.000128461652250431	c4	SERBP1
4.04061403412999e-09	0.112890379196811	0.455	0.402	0.000135514113476652	c4	FDFT1
4.17287113002601e-09	0.138797459884766	0.306	0.267	0.000139949751958812	c4	PJA2
4.2107316003047e-09	0.106382237159318	0.548	0.493	0.000141219516411019	c4	RAB11B
4.25229598718105e-09	0.105901717847571	0.568	0.517	0.000142613502818078	c4	PPIG
4.28544769103987e-09	0.0425452192842154	0.446	0.388	0.000143725344662095	c4	SLBP
4.34857421011209e-09	0.12024890053948	0.495	0.449	0.000145842481858739	c4	ATRAID
4.49712768388765e-09	0.0667770534423335	0.664	0.616	0.000150824668262224	c4	FNBP1
4.55106084329067e-09	0.123946739549846	0.38	0.336	0.000152633478562282	c4	KXD1
4.69759541853081e-09	0.167275839432775	0.311	0.276	0.000157547955146686	c4	SMARCC1
4.75821802591928e-09	0.128166692592406	0.334	0.294	0.000159581116153281	c4	TMEM134
5.55258610394712e-09	0.151399843674273	0.345	0.307	0.000186222632754179	c4	ACAA1
5.96950832644901e-09	0.0977151992258255	0.6	0.541	0.000200205370252447	c4	NDUFS7
6.28877774442226e-09	0.139996800309097	0.328	0.289	0.000210913027992434	c4	CFAP298
6.56037734449362e-09	0.129040802189815	0.424	0.376	0.000220021935379627	c4	CEBPB
6.85638610838325e-09	0.0531064383479225	0.557	0.492	0.000229949477302957	c4	NUCKS1
6.93610542007039e-09	0.0942374317775456	0.425	0.375	0.000232623103578321	c4	UBE2A
7.34115033743695e-09	0.0950627547102106	0.438	0.386	0.00024620750001696	c4	CMC2
8.87929512744454e-09	0.102798491446855	0.303	0.265	0.000297793799984235	c4	SECISBP2
9.16365588891402e-09	0.104822309695352	0.584	0.525	0.000307330691202398	c4	NONO
9.804176933491e-09	0.123643857081936	0.432	0.391	0.000328812485995421	c4	FBXO7
1.23290717963958e-08	0.102395103286259	0.375	0.33	0.000413492409907522	c4	MRPL4
1.24957824082998e-08	0.122701014619864	0.387	0.347	0.000419083550409558	c4	YTHDC1
1.36439477296228e-08	0.052407590071887	0.801	0.762	0.000457590718956089	c4	ACAP1
1.42286704200282e-08	0.111851224234753	0.362	0.321	0.000477201148546906	c4	CEP57
1.5454091553847e-08	0.103364001818464	0.5	0.451	0.00051829932253292	c4	PPP2CA
1.57200788013358e-08	0.0919900202294506	0.709	0.657	0.000527220002839199	c4	SF3B2
1.60889661745541e-08	0.107099901635181	0.465	0.416	0.000539591747562195	c4	RAB8A
1.676858680505e-08	0.131128578266945	0.416	0.374	0.000562384864267765	c4	BCL7B
1.70821267338385e-08	0.0538029185424725	0.616	0.56	0.000572900366399477	c4	EPC1
1.77418430671194e-08	0.110184899502835	0.358	0.316	0.000595025932785049	c4	VPS4B
1.77552856192545e-08	0.0473586057776444	0.36	0.314	0.000595476769098559	c4	BCL2A1
1.86659006391516e-08	0.126331473926734	0.358	0.32	0.000626016975635866	c4	MED4
1.88033364457023e-08	0.141965862054622	0.389	0.349	0.000630626297715963	c4	ABT1
1.89352276777985e-08	0.134824213328769	0.321	0.285	0.000635049665858008	c4	COPS2
1.94362911965849e-08	0.149333105946564	0.31	0.275	0.000651854334151064	c4	UBA3
2.13810998428634e-08	0.131837804897089	0.302	0.267	0.000717079326529952	c4	PSMD14
2.15126528386591e-08	0.079453108131016	0.372	0.323	0.000721491350902949	c4	HPRT1
2.25799074438055e-08	0.0827975838337301	0.54	0.489	0.000757284935850348	c4	TBRG1
2.30352054495227e-08	0.0820084943696526	0.657	0.601	0.000772554720366093	c4	SRRM1
2.38220139860079e-08	0.106499316549237	0.338	0.298	0.000798942705062734	c4	STX10
2.54508538725538e-08	0.119950705734847	0.357	0.315	0.000853570737177711	c4	CCDC124
2.56654471902568e-08	0.117274571066595	0.397	0.356	0.000860767767866832	c4	LYPLA2
2.67097793684497e-08	0.0983782557280567	0.414	0.368	0.000895792580459067	c4	MRFAP1L1
3.11362543787102e-08	0.107830226461939	0.528	0.478	0.00104424769935318	c4	SS18L2
3.1140267506221e-08	0.116024054767689	0.346	0.307	0.00104438229162364	c4	CPNE3
3.19589482872392e-08	0.141339922124074	0.316	0.282	0.00107183920765743	c4	HK1
4.45254883867076e-08	0.117981414983191	0.303	0.266	0.0014932958295134	c4	SMU1
4.48569753792905e-08	0.0448752140844193	0.969	0.945	0.00150441324027064	c4	RHOA
4.50160705577955e-08	0.100618110092088	0.607	0.552	0.00150974897436735	c4	VDAC2
5.10533769135227e-08	0.100513943442395	0.307	0.27	0.00171222815492572	c4	NBR1
5.34217497846238e-08	0.117946851017138	0.349	0.312	0.00179165864427671	c4	SNRNP200
5.47802041870001e-08	0.122580891920406	0.433	0.392	0.00183721848802361	c4	DGCR6L
5.47944589091091e-08	0.0944886193046436	0.429	0.382	0.0018376965628937	c4	ETFB
5.66161482153961e-08	0.107502480744738	0.352	0.313	0.00189879237884795	c4	MARCH7
5.71903343677894e-08	0.0724691226458901	0.453	0.409	0.00191804943402692	c4	ATF7IP
6.65389562261992e-08	0.115218040565493	0.362	0.322	0.00223158351391427	c4	HNRNPD
8.00666331407117e-08	0.0480428545961562	0.974	0.954	0.00268527474227319	c4	YWHAZ
8.35136542103648e-08	0.0667159241148561	0.869	0.821	0.00280088093490721	c4	ARF1
8.77800509437077e-08	0.109116370602559	0.381	0.343	0.00294396734855007	c4	BNIP2
8.99750569298421e-08	0.0941235873985191	0.461	0.419	0.00301758345931304	c4	CNOT7
1.12437711883993e-07	0.0914849146231654	0.485	0.436	0.00377093598116535	c4	MAP4K1
1.12920645618846e-07	0.117315620156638	0.364	0.326	0.00378713261276485	c4	SMIM37
1.1627246042093e-07	0.0768563417729859	0.367	0.324	0.00389954577759716	c4	SNRPA1
1.23728634119051e-07	0.116111452784381	0.331	0.293	0.00414961093108472	c4	RRAGA
1.2886560005207e-07	0.0884832576404039	0.447	0.403	0.00432189449454634	c4	PAFAH1B1
1.35687267443219e-07	0.0863912999985766	0.479	0.431	0.00455067957551067	c4	WASF2
1.50089137101837e-07	0.0867761876947763	0.601	0.547	0.00503368948012141	c4	TMEM14B
1.57827746312718e-07	0.130442755425692	0.367	0.332	0.00529322695583592	c4	FAM32A
1.81967371805683e-07	0.129935042002904	0.347	0.312	0.00610282171561899	c4	MCRIP1
1.93676523245574e-07	0.100602734288989	0.646	0.59	0.00649552323661007	c4	CCT4
1.9830359051682e-07	0.090873289831126	0.376	0.336	0.00665070581875311	c4	MLEC
2.06260318595329e-07	0.079106906906388	0.328	0.287	0.00691755856505013	c4	SVIP
2.39575250837481e-07	0.124258598495624	0.314	0.281	0.00803487476258744	c4	DGKZ
2.51102316802014e-07	0.116504596329748	0.4	0.361	0.00842146950090596	c4	EIF4E
2.89589824398956e-07	0.0743908192373764	0.393	0.353	0.00971226353069219	c4	GOLGA4
2.90809161027278e-07	0.101405045830074	0.438	0.397	0.00975315764253286	c4	WDR33
3.16654252723031e-07	0.0911929575057058	0.382	0.343	0.010619950327825	c4	SMIM7
3.305410388528e-07	0.107831944379405	0.33	0.294	0.0110856853610452	c4	ATIC
3.63256399444706e-07	0.057371368836715	0.615	0.547	0.0121828931245766	c4	ANAPC11
3.68712006331461e-07	0.0976727851187965	0.3	0.267	0.0123658632683445	c4	ZC3H13
3.75970318876317e-07	0.0785167487494109	0.487	0.436	0.0126092925544739	c4	DBNL
3.78964002863878e-07	0.0922462062698642	0.363	0.325	0.0127096947280488	c4	EAPP
3.85187816316737e-07	0.117183361216183	0.342	0.307	0.0129184289836307	c4	CAPN1
4.04805518775134e-07	0.0742617623314514	0.555	0.499	0.0135763674886804	c4	CCT3
4.14068860873483e-07	0.0736510328212796	0.539	0.494	0.0138870414559749	c4	BCLAF1
4.16178331160857e-07	0.0904790157723186	0.434	0.394	0.0139577888704728	c4	AKAP9
4.18338639126136e-07	0.119684190420908	0.339	0.307	0.0140302412790124	c4	SMG1
4.65568319154252e-07	0.0721074444178702	0.798	0.762	0.0156142302877953	c4	EIF4G2
4.74589823687243e-07	0.0959544306156004	0.37	0.334	0.0159167935068227	c4	INO80E
4.75475139690079e-07	0.0385709205203141	0.486	0.434	0.0159464852349259	c4	NCF1
4.97775281826961e-07	0.0600549536200464	0.449	0.405	0.0166943874019126	c4	ESYT1
5.47585633176497e-07	0.0630856549323984	0.472	0.422	0.0183649269654734	c4	IFI27L2
5.75071275040711e-07	0.0707981940206351	0.659	0.599	0.0192867404223154	c4	RAC1
7.05082407791732e-07	0.0561854276202185	0.823	0.786	0.0236470537925191	c4	DAD1
7.14332730673026e-07	0.106076442847009	0.406	0.37	0.023957291121312	c4	GSPT1
7.26043067221902e-07	0.0410250753365844	0.92	0.894	0.0243500323884882	c4	RPS20
7.35404903293966e-07	0.0833890496128266	0.35	0.313	0.024664009646673	c4	ERLEC1
7.46407417224985e-07	0.0881209219579219	0.457	0.416	0.0250330119588916	c4	RTF2
8.36089951467562e-07	0.0891737603766237	0.3	0.265	0.0280407847923191	c4	ELF2
8.47283118570694e-07	0.0710575631029399	0.301	0.268	0.0284161812306239	c4	TSPAN5
9.00855603028923e-07	0.0654783750283561	0.793	0.745	0.030212895214384	c4	SAP18
9.12107319960461e-07	0.105460020036715	0.318	0.285	0.0305902552968339	c4	ERVK3-1
9.15513676633288e-07	0.105201944784138	0.611	0.567	0.0307044976869272	c4	RSL24D1
9.4461850565446e-07	0.0321016248562493	0.695	0.646	0.0316806154426393	c4	PNISR
1.0668735779273e-06	0.0807510754049398	0.3	0.267	0.0357808060565258	c4	ZNF148
1.20183646904269e-06	0.0982622169979059	0.331	0.297	0.0403071914987538	c4	BUD23
1.24665850710047e-06	0.0909963306686116	0.379	0.34	0.0418104330111356	c4	UFD1
1.4190547410936e-06	0.116692594224361	0.354	0.32	0.0475922579067972	c4	NDUFA10
1.42958675805882e-06	0.111797573218493	0.359	0.325	0.0479454806917768	c4	ALDH9A1
1.47614750020466e-06	0.0781596841035582	0.369	0.333	0.049507034861864	c4	ACIN1
