p_val	avg_log2FC	pct.1	pct.2	p_val_adj	cluster	gene
0	6.33207070110511	0.769	0.027	0	c8	FOXP3
0	2.52889539969968	0.848	0.27	0	c8	CTLA4
0	3.61836528839226	0.541	0.074	0	c8	TBC1D4
0	3.23681349102204	0.653	0.188	0	c8	TNFRSF4
0	2.700185108376	0.602	0.191	0	c8	TNFRSF18
0	2.29692709661848	0.73	0.329	0	c8	BATF
0	1.71341366099373	0.755	0.357	0	c8	TIGIT
0	2.04662311852689	0.705	0.308	0	c8	MIR4435-2HG
0	1.91773091728214	0.687	0.292	0	c8	ARID5B
0	2.16102852762522	0.502	0.119	0	c8	SELL
0	3.17340174964006	0.395	0.053	0	c8	CCR4
0	3.75960275939629	0.394	0.061	0	c8	IL2RA
0	2.87547343400592	0.418	0.088	0	c8	GK
0	1.98531192296607	0.792	0.466	0	c8	TNFRSF1B
0	2.41931407281121	0.414	0.092	0	c8	IKZF2
0	1.83904791989183	0.805	0.484	0	c8	PIM2
0	1.35940936660739	0.861	0.558	0	c8	CD27
0	1.14540851916485	0.601	0.302	0	c8	CD4
0	2.14809795120519	0.449	0.156	0	c8	PELI1
0	1.5805920835514	0.644	0.352	0	c8	DNPH1
0	3.65008881482876	0.329	0.038	0	c8	ICA1
0	4.65595832564813	0.313	0.022	0	c8	RTKN2
0	1.4363849660086	0.811	0.528	0	c8	PBXIP1
0	1.43996657107884	0.834	0.553	0	c8	FCMR
0	2.20270825151572	0.368	0.089	0	c8	IL6R
0	3.15870117837877	0.352	0.077	0	c8	LINC01943
0	1.20882426963108	0.646	0.372	0	c8	CD28
0	1.48256550144299	0.74	0.467	0	c8	CORO1B
0	2.18461455237921	0.409	0.137	0	c8	STAM
0	1.28818040298942	0.734	0.463	0	c8	GBP2
0	1.83473811469123	0.377	0.107	0	c8	TOX2
0	1.59492923163552	0.742	0.483	0	c8	CARD16
0	1.6364848861385	0.42	0.163	0	c8	MAF
0	2.0578604657211	0.374	0.123	0	c8	ZC3H12D
0	1.42377560618282	0.937	0.702	0	c8	LTB
0	1.99874149886873	0.313	0.093	0	c8	CD79B
0	2.62115105795408	0.32	0.103	0	c8	MAGEH1
0	1.12967143449935	0.81	0.599	0	c8	UCP2
0	0.974520143866555	0.888	0.684	0	c8	RGS1
0	0.990252578840042	0.901	0.707	0	c8	SPOCK2
0	1.39060557924085	0.828	0.66	0	c8	SAT1
0	0.905898075303241	0.994	0.972	0	c8	IL32
0	0.532296251739952	0.999	0.998	0	c8	HLA-A
2.30889003784584e-304	0.296547438174251	1	1	7.74355540892737e-300	c8	B2M
9.49723781212443e-289	1.0319788476061	0.727	0.46	3.18518361743029e-284	c8	GBP5
1.39584135561209e-288	1.84623593115268	0.332	0.123	4.68137273845184e-284	c8	PHACTR2
1.72615577119363e-282	1.80419874317913	0.323	0.119	5.78918122542921e-278	c8	DUSP16
1.64406934407827e-281	1.54728529400023	0.507	0.265	5.51387976616971e-277	c8	NAMPT
6.10735133435001e-280	1.44564636448853	0.455	0.212	2.04828349051431e-275	c8	NCF4
7.79655301922208e-278	1.45375018167668	0.513	0.268	2.6148079515867e-273	c8	PHTF2
3.68673983296483e-277	0.587935066480243	0.994	0.988	1.23645880517975e-272	c8	UBC
7.80728956887332e-261	1.55665538774988	0.475	0.249	2.61840877560873e-256	c8	GLRX
3.22551511807174e-252	0.922033794673442	0.819	0.648	1.0817732602989e-247	c8	ISG20
7.83122344306433e-251	1.40220671590534	0.45	0.219	2.62643571833492e-246	c8	IL6ST
6.94597759913496e-247	1.42282180268618	0.566	0.347	2.32954196719788e-242	c8	UGP2
7.13739115267683e-243	1.32869910941781	0.493	0.26	2.39373824478475e-238	c8	TNIK
1.18560263320857e-239	0.512471488262552	0.998	0.995	3.97627411125491e-235	c8	TMSB10
1.06507329705586e-234	1.51432621683386	0.366	0.16	3.57204282366594e-230	c8	POU2F2
2.03597758295161e-231	1.37005838599824	0.487	0.26	6.82826161770312e-227	c8	FAS
5.08932398941045e-218	0.471127527665444	1	0.999	1.70685747956848e-213	c8	MALAT1
3.77581593516851e-211	1.19732909174525	0.535	0.319	1.26633314833681e-206	c8	TLK1
8.23001420334958e-201	0.891065455733935	0.716	0.506	2.76018216351938e-196	c8	CYTOR
3.31421320151563e-200	1.28061763609878	0.469	0.259	1.11152082352431e-195	c8	EPSTI1
4.29684465207084e-199	0.874630537982433	0.807	0.691	1.44107575941152e-194	c8	CTSC
8.45129487926849e-195	1.53130996290389	0.357	0.172	2.83439527660907e-190	c8	CD59
3.98763744814523e-190	0.514826421021732	0.962	0.891	1.33737384735895e-185	c8	CD74
9.72217623086432e-190	1.51199429549252	0.301	0.129	3.26062346430728e-185	c8	SESN3
1.69036255574832e-189	0.802099552834645	0.751	0.592	5.6691379394687e-185	c8	NDUFV2
5.19738133218981e-189	1.13840770910935	0.512	0.296	1.74309775118982e-184	c8	DUSP4
2.15620374879501e-188	0.510164988294445	0.948	0.918	7.23147613270871e-184	c8	ARPC1B
5.49833483975651e-188	0.914445464427442	0.695	0.483	1.84403153855754e-183	c8	ICOS
5.83018423026646e-185	0.632511774321302	0.875	0.757	1.95532718714676e-180	c8	CD44
9.4853702121304e-184	1.28979882196486	0.368	0.177	3.18120346174429e-179	c8	LEF1
8.6639166000358e-179	0.751031730935562	0.767	0.631	2.90570434932001e-174	c8	RHOG
1.57928727194195e-177	0.809087305994432	0.706	0.531	5.2966136526389e-173	c8	SIRPG
1.15120669053152e-176	1.18157712293335	0.386	0.194	3.86091699870461e-172	c8	TOX
7.98916358230181e-173	1.03479429048449	0.53	0.324	2.67940568223238e-168	c8	TMEM173
1.07786062233461e-171	0.846462023637179	0.642	0.445	3.6149289551858e-167	c8	SLA
4.5295923480278e-167	0.929249932948131	0.704	0.556	1.51913468168156e-162	c8	IL10RA
4.90400720102734e-163	0.994961469010155	0.552	0.361	1.64470593508055e-158	c8	ZBTB38
4.25907920007575e-162	1.5520184692538	0.353	0.183	1.42840998212141e-157	c8	PMAIP1
1.38193420736547e-158	1.28225476430365	0.36	0.187	4.6347309446623e-154	c8	FAM110A
2.12156602909062e-158	1.31112395952877	0.379	0.201	7.11530814836411e-154	c8	SNX9
4.87929960580601e-158	0.913800144834055	0.646	0.473	1.63641950179522e-153	c8	SAMHD1
1.7882731854698e-157	0.520580362329533	0.985	0.979	5.99751060942861e-153	c8	SRGN
9.62808310176249e-157	1.24420913297175	0.398	0.22	3.2290665106691e-152	c8	HOXB2
1.25527707346521e-156	1.38037207247821	0.303	0.143	4.20994824898763e-152	c8	LIMA1
3.90853206369885e-156	0.629091972994854	0.846	0.741	1.31084348352332e-151	c8	CD247
1.25768301938247e-154	0.476222025819208	0.937	0.896	4.21801731040492e-150	c8	YWHAB
1.64094482408313e-154	0.63413835931868	0.884	0.819	5.50340075101001e-150	c8	SOD1
3.27012251251481e-153	0.902141857183289	0.577	0.393	1.09673368824722e-148	c8	CMTM7
9.75487913905026e-149	1.08845924280472	0.532	0.35	3.27159136565468e-144	c8	BIRC3
4.94322710707708e-148	0.699737919862195	0.75	0.62	1.65785950717151e-143	c8	RAP1A
1.19317191582709e-147	1.24269988471304	0.433	0.257	4.0016599713009e-143	c8	BCL3
1.30569849056969e-145	0.66422250131622	0.775	0.645	4.37905159767263e-141	c8	CSK
1.26203311721338e-144	1.19526726359623	0.378	0.206	4.23260666851025e-140	c8	NABP1
2.363823824688e-144	0.937051131182008	0.573	0.393	7.9277923432386e-140	c8	SLAMF1
1.64324678291078e-143	1.10712213027044	0.312	0.148	5.51112106052619e-139	c8	CCR7
2.02431245606945e-141	0.409938601024904	0.963	0.924	6.78913911516574e-137	c8	FXYD5
1.40941164571859e-136	1.26145347947948	0.513	0.349	4.72688477741102e-132	c8	PIM3
2.16513940107335e-136	0.598479071963131	0.767	0.653	7.26144452331981e-132	c8	SH3BGRL
1.36517603667977e-134	0.715796259694649	0.757	0.632	4.5785273918166e-130	c8	RPS27L
1.78295406812505e-134	1.13570790064231	0.429	0.259	5.9796713536778e-130	c8	TSPAN5
1.38370752070209e-132	0.701393782614842	0.709	0.572	4.64067828293067e-128	c8	UBE2B
2.6968068713705e-132	0.377251907810067	0.974	0.961	9.04455088520239e-128	c8	OAZ1
9.89650141932098e-131	0.884542429475855	0.574	0.411	3.31908864601187e-126	c8	CASP1
3.40311329368231e-130	0.927589720622162	0.458	0.275	1.14133613643517e-125	c8	BCL2
5.89453446145537e-125	1.12574210041671	0.326	0.172	1.9769089676829e-120	c8	ENTPD1
1.37584730456609e-124	1.26269495086453	0.305	0.158	4.61431669005375e-120	c8	GLCCI1
1.70860746120294e-124	0.83833607164427	0.574	0.391	5.73032770338241e-120	c8	AQP3
3.79290152662078e-123	1.36220678042675	0.333	0.184	1.27206331399808e-118	c8	IL21R
2.27698220636544e-122	0.656480223332189	0.759	0.641	7.6365429237084e-118	c8	LBH
7.22043928617464e-122	1.13912209826308	0.362	0.209	2.42159092779725e-117	c8	OGDH
2.05354690234765e-121	0.865564368644752	0.509	0.335	6.88718560109353e-117	c8	CD82
6.70422486372144e-121	0.285625141510182	0.989	0.989	2.2484629347949e-116	c8	ARHGDIB
1.19530374117287e-120	0.536711594354312	0.824	0.732	4.00880968714558e-116	c8	SKAP1
4.15441652938191e-119	0.520521481575461	0.817	0.71	1.3933082156241e-114	c8	CALM3
2.13464380617689e-118	0.955488707798773	0.488	0.331	7.15916839715607e-114	c8	CTSA
1.49428109935768e-116	0.811817189481112	0.586	0.419	5.01151995102578e-112	c8	SOCS3
2.30975793592166e-116	0.916601056720896	0.498	0.338	7.74646616549406e-112	c8	CCM2
6.6936289673457e-116	0.669051371509645	0.826	0.75	2.2449092830684e-111	c8	PKM
1.20881545755789e-115	1.16335707669827	0.388	0.235	4.05412528155766e-111	c8	TRIB2
3.72640642732842e-114	0.649527471526687	0.687	0.553	1.2497621875974e-109	c8	TNFRSF14
5.64592573023441e-114	0.62711026577455	0.775	0.687	1.89353057140602e-109	c8	C9orf16
2.36883938519584e-112	0.565303425830462	0.746	0.629	7.94461353006982e-108	c8	PRDX1
2.86261781534639e-108	0.911107256835469	0.372	0.214	9.60064762910873e-104	c8	CCR6
9.39337168502065e-108	0.553279426448429	0.787	0.682	3.15034899572223e-103	c8	RHOH
2.89137127672892e-106	1.13259756466931	0.321	0.181	9.69708098789344e-102	c8	LINC00649
2.72917550075366e-105	0.912142829780862	0.472	0.315	9.15310879442761e-101	c8	PRDM1
2.78336319384104e-105	0.824784562753474	0.498	0.34	9.33484347950409e-101	c8	SFT2D1
5.65896324501592e-105	0.588982919474436	0.697	0.544	1.89790309311344e-100	c8	IL2RB
7.3396590355788e-105	0.436939635285184	0.894	0.837	2.46157484735242e-100	c8	CIRBP
1.28640987822312e-103	0.727415628344795	0.585	0.423	4.31436144958469e-99	c8	PIK3IP1
3.76257517284752e-102	0.951607196326659	0.419	0.271	1.2618924614696e-97	c8	TPP1
3.12853441643307e-101	0.874430633311393	0.446	0.289	1.04924787258332e-96	c8	GOLGA8B
7.68826123048658e-100	0.550732375736414	0.802	0.712	2.57848905148059e-95	c8	ANKRD12
1.53828949610909e-99	0.625644573448944	0.682	0.568	5.15911531205065e-95	c8	PAK2
3.4876582986958e-99	1.06837671270415	0.357	0.217	1.1696908402166e-94	c8	RAB11FIP1
9.34320649274024e-99	0.28463127736994	0.994	0.992	3.13352459353522e-94	c8	HLA-E
8.26904248300544e-97	0.519528066509426	0.824	0.743	2.77327146795037e-92	c8	SEPT6
1.41324869350738e-96	0.468924289951233	0.826	0.754	4.73975346828505e-92	c8	JAK1
6.32865742867564e-96	0.787183903443229	0.579	0.447	2.12250512842923e-91	c8	USP15
7.65156311959622e-96	1.02453671230194	0.416	0.277	2.56618123905018e-91	c8	SMS
4.56632652188915e-95	0.576595725587779	0.67	0.547	1.53145458891118e-90	c8	NDFIP1
9.76158700309403e-95	0.825214434867209	0.471	0.324	3.27384104909768e-90	c8	ASB2
3.74291166473257e-94	0.475272770998252	0.809	0.728	1.25529771411801e-89	c8	ICAM3
7.91405463153511e-94	0.654737876425202	0.622	0.485	2.65421564232425e-89	c8	PPM1G
1.41521548999777e-93	0.506647438739448	0.776	0.698	4.74634971035453e-89	c8	CUTA
2.90102453103682e-93	0.625499181643409	0.516	0.365	9.72945607219129e-89	c8	CTSB
6.93315144435102e-93	0.799260559784246	0.513	0.37	2.32524033140645e-88	c8	SMAP2
3.0070763890448e-92	0.412238431689786	0.934	0.882	1.00851327935785e-87	c8	S100A4
3.34871993125544e-92	0.771570908537505	0.566	0.42	1.12309369054445e-87	c8	PDE4B
3.1391191733685e-91	0.907994833177403	0.571	0.446	1.05279778836433e-86	c8	CMTM6
7.35972175089985e-89	0.549280948366006	0.769	0.683	2.46830348081679e-84	c8	EZR
9.56636246206124e-89	0.660888936896632	0.589	0.463	3.2083666425261e-84	c8	TNIP1
7.56581013140403e-88	0.848342930682068	0.381	0.24	2.53742140187028e-83	c8	TNFRSF25
2.20493480710846e-87	0.416314563221227	0.851	0.799	7.39491035608036e-83	c8	UBE2D2
1.6631005270648e-86	0.744310685891257	0.511	0.374	5.57770654766994e-82	c8	ABI1
5.83361871964596e-86	0.69112237106686	0.626	0.516	1.95647904619486e-81	c8	SYNGR2
5.37879183392025e-85	0.836338081836956	0.464	0.328	1.80393920526017e-80	c8	RHBDD2
1.43403518855826e-84	0.970848401254258	0.335	0.204	4.80946721538668e-80	c8	CNST
5.04226839997971e-84	0.41328338305676	0.865	0.792	1.6910759759852e-79	c8	LAT
8.51507473041319e-84	0.629803048954455	0.59	0.456	2.85578576308598e-79	c8	YPEL3
1.28399377513067e-83	0.975232636811394	0.326	0.2	4.30625832303323e-79	c8	MIIP
1.3199398871543e-83	0.318492371366847	0.932	0.905	4.42681439353809e-79	c8	SUMO2
1.57790596752579e-83	0.403519658181199	0.757	0.605	5.29198103388798e-79	c8	ITGB2
1.73481974812347e-83	0.907930058724552	0.337	0.207	5.81823847125651e-79	c8	MAD1L1
2.18084972103278e-83	0.534132491043212	0.697	0.594	7.31413379439974e-79	c8	MAT2B
3.72564774723499e-83	0.778750219332134	0.51	0.379	1.24950774146767e-78	c8	VMP1
1.67691946251028e-82	0.724219835996367	0.524	0.387	5.62405249336698e-78	c8	HNRNPLL
1.74636532102228e-82	0.704237995747686	0.652	0.541	5.85696001364452e-78	c8	SYNE2
3.36856486867697e-82	0.452331518990737	0.798	0.723	1.12974928565688e-77	c8	TRAF3IP3
1.45459723847811e-81	0.333667880113016	0.901	0.868	4.87842821840789e-77	c8	ALDOA
1.62278118877024e-81	0.570129676764893	0.693	0.585	5.44248355089764e-77	c8	STAT3
2.94430439502489e-81	0.842723745293981	0.386	0.253	9.87460808003449e-77	c8	CCDC167
5.84653687015748e-81	0.436404618089206	0.687	0.577	1.96081153551341e-76	c8	PSAP
8.58254956897836e-81	0.706316885049947	0.521	0.385	2.87841547444396e-76	c8	DGKA
3.69856661421796e-80	0.656796086782776	0.607	0.494	1.24042527107642e-75	c8	SDF4
1.39389126359143e-79	0.31753281674811	0.979	0.974	4.67483251983292e-75	c8	PTPRC
2.52603472973767e-79	0.917230926675958	0.319	0.193	8.47181527659421e-75	c8	UXS1
3.1147343713607e-79	0.951224744830074	0.313	0.189	1.04461961346695e-74	c8	KDSR
5.93272556079248e-79	0.609029605044128	0.594	0.467	1.98971749857858e-74	c8	ELOVL5
2.0615676279705e-78	0.890815221328851	0.433	0.303	6.91408551068746e-74	c8	TRAF1
2.08235527313199e-77	0.689753582257481	0.453	0.317	6.98380311503006e-73	c8	ACP5
4.83120882993522e-77	0.329354406643282	0.898	0.867	1.62029081738367e-72	c8	GABARAP
4.25960996678258e-76	0.914925638664047	0.399	0.276	1.42858799065954e-71	c8	PMVK
3.53435330193634e-75	0.957346891839912	0.316	0.196	1.18535141040341e-70	c8	NCOA3
5.44055302106979e-75	0.950567184607135	0.369	0.248	1.82465267220639e-70	c8	HDAC7
1.29311899049941e-74	0.917340434159846	0.335	0.212	4.33686247033693e-70	c8	THEM4
2.32656917413634e-74	0.751917795292638	0.631	0.523	7.80284769621845e-70	c8	TPR
3.35338956897795e-74	0.772424235614374	0.407	0.274	1.12465979364383e-69	c8	LINC00861
3.9731167181529e-74	0.612801669774076	0.581	0.457	1.33250388493412e-69	c8	LIMS1
1.76147250965885e-73	0.876775276203759	0.357	0.231	5.90762650289386e-69	c8	IPCEF1
2.65878183186049e-73	0.654743612331908	0.609	0.487	8.9170225076937e-69	c8	NEAT1
3.70694036640526e-73	0.278156231419163	0.938	0.938	1.243233660085e-68	c8	CCNI
1.39896264814247e-72	0.663738624991314	0.477	0.335	4.69184092934023e-68	c8	ICAM2
2.27991014982995e-72	0.612126037982679	0.62	0.513	7.64636266049968e-68	c8	PTPN7
1.74738100459886e-71	0.833019158461312	0.316	0.194	5.86036641322367e-67	c8	ZNF831
2.69385779953793e-71	0.691604878351957	0.573	0.458	9.03466028809032e-67	c8	CFLAR
5.47622483326037e-71	0.352079354874604	0.85	0.799	1.83661628457886e-66	c8	COX5B
1.77823643379166e-70	0.823373341601411	0.438	0.316	5.96384935165048e-66	c8	BTG3
9.31212824928596e-70	0.461894631223023	0.732	0.65	3.12310157224552e-65	c8	ISCU
3.47289623052707e-69	0.535954002989259	0.661	0.558	1.16473993779417e-64	c8	ZNF706
4.85392369250733e-68	0.542176392355265	0.646	0.54	1.62790892799311e-63	c8	SH3KBP1
7.5762525797941e-68	0.787125761606678	0.396	0.275	2.54092359021135e-63	c8	RBM38
8.2467057533048e-68	0.728416179281474	0.325	0.206	2.76578017554336e-63	c8	HLA-DMA
4.5324328438276e-67	0.797967237579252	0.37	0.248	1.5200873271629e-62	c8	IGFLR1
5.69141079637916e-67	0.855880201637771	0.358	0.241	1.90878535288964e-62	c8	SNX20
8.06442134929566e-67	0.865781539129621	0.354	0.236	2.70464563212678e-62	c8	ADAM10
4.90347680167789e-66	0.573229233917667	0.577	0.462	1.64452804974673e-61	c8	NDUFC1
6.16213846951049e-66	0.691691465090969	0.493	0.379	2.06665799990443e-61	c8	CNIH1
9.41116303043696e-66	0.834366736707243	0.337	0.219	3.15631585714795e-61	c8	GCHFR
4.83394518668142e-65	0.508177304983661	0.641	0.518	1.62120853670922e-60	c8	CD5
6.62092646724168e-65	0.182715663305537	0.998	0.996	2.22052631858352e-60	c8	PFN1
9.13498237150881e-65	0.480155110806891	0.702	0.598	3.06369038775662e-60	c8	CDKN1B
2.26318594823993e-64	0.91295644776352	0.31	0.201	7.59027303320707e-60	c8	ZC3H7A
5.16942788989589e-64	0.338305698390632	0.874	0.85	1.73372272571328e-59	c8	ARL6IP5
9.57976970453106e-64	0.722559098703858	0.455	0.336	3.21286316350563e-59	c8	P2RY10
1.71452388602758e-62	0.711613734896644	0.424	0.305	5.7501702089593e-58	c8	PCED1B
5.06189335951144e-62	0.437691437618452	0.75	0.668	1.69765779491295e-57	c8	DDX24
6.5204788419679e-62	0.232992112626318	0.976	0.975	2.18683819401919e-57	c8	RAC2
1.30572888373914e-61	0.828870150714842	0.339	0.229	4.37915353028432e-57	c8	CD320
3.49640224951217e-61	0.533056120963285	0.589	0.483	1.17262338644139e-56	c8	LRP10
4.83083559719899e-61	0.659116973696156	0.452	0.333	1.6201656425886e-56	c8	CEMIP2
6.50817177502372e-61	0.275163907923042	0.924	0.898	2.18271064990745e-56	c8	LCK
1.69552564503665e-60	0.778033110376323	0.377	0.262	5.68645390832391e-56	c8	MALT1
4.16845107245222e-60	0.722399349562863	0.383	0.269	1.39801512067903e-55	c8	ADI1
2.28757613990888e-59	0.522355302853673	0.629	0.512	7.6720728580264e-55	c8	TENT5C
2.29303211073246e-59	0.0867051272413333	0.647	0.492	7.69037109297453e-55	c8	HSPA1A
2.71829171188416e-59	0.651042098022926	0.479	0.367	9.11660674331709e-55	c8	RAB10
3.45852775203569e-59	0.495405253686149	0.402	0.274	1.15992103747773e-54	c8	PTTG1
7.66342282046888e-59	0.575504080629517	0.615	0.523	2.57015874552885e-54	c8	DOK2
2.28432190985969e-58	0.646177977156217	0.485	0.371	7.66115882128744e-54	c8	SLC44A2
3.37127911183686e-58	0.155880997635487	1	0.999	1.13065958852784e-53	c8	ACTB
4.42311673776575e-58	0.26272607640664	0.966	0.96	1.48342489151188e-53	c8	LAPTM5
4.93874500407259e-58	0.404416791195722	0.749	0.677	1.65635629946587e-53	c8	SQSTM1
7.92733155535799e-58	0.427935585957388	0.712	0.633	2.65866845703596e-53	c8	CHURC1
8.76974008354924e-58	0.577418693325274	0.531	0.418	2.94119542922075e-53	c8	IL27RA
9.87118072453842e-58	0.351097642903001	0.866	0.826	3.31059659139569e-53	c8	C12orf57
1.71237744950675e-57	0.532690857680381	0.573	0.472	5.74297149015573e-53	c8	OXA1L
3.20495009350633e-57	0.331854264324656	0.915	0.89	1.07487616236015e-52	c8	ZFP36L1
3.49557508792681e-56	0.567399981528594	0.553	0.443	1.17234597298889e-51	c8	NSD3
5.47033632295018e-56	0.262377429992414	0.934	0.924	1.83464139599103e-51	c8	CD37
3.30527563748363e-55	0.791408156202071	0.481	0.383	1.10852334329926e-50	c8	FOXP1
8.08276990306944e-55	0.242711436873519	0.957	0.95	2.71079937009143e-50	c8	PCBP1
8.84625098075516e-55	0.638017534720218	0.463	0.353	2.96685565392567e-50	c8	ZNF292
1.40702497543379e-54	0.265039792224289	0.903	0.886	4.71888036260985e-50	c8	HNRNPK
4.50272326515325e-53	0.306147000798283	0.82	0.747	1.5101233286671e-48	c8	ANP32B
6.45885800675819e-53	0.580528546623776	0.506	0.395	2.16617179830656e-48	c8	SPTAN1
3.53017344336508e-52	0.564169265382504	0.534	0.424	1.18394956943578e-47	c8	PHLDA1
5.68645485978866e-52	0.802413084042635	0.343	0.244	1.90712323087592e-47	c8	TYMP
1.60634263434771e-51	0.532390526408823	0.645	0.568	5.38735192707535e-47	c8	CACYBP
3.02893343923088e-51	0.43552888793398	0.692	0.612	1.01584369684925e-46	c8	TRAC
2.20020685170251e-50	0.604990461070002	0.474	0.375	7.37905373923989e-46	c8	VOPP1
3.60603375812449e-50	0.829821196842451	0.347	0.247	1.20939160179979e-45	c8	BCL2L1
2.12328621586458e-49	0.667335234609489	0.342	0.237	7.12107731076663e-45	c8	TACC3
2.31623409339371e-49	0.397120664745266	0.69	0.612	7.76818590242382e-45	c8	NOP10
2.64195047861355e-49	0.343118198742774	0.78	0.722	8.86057351517411e-45	c8	UBXN1
2.70809004277257e-49	0.671477932186323	0.371	0.265	9.08239238545064e-45	c8	CRTAP
4.43457536781911e-49	0.14246028456569	0.996	0.996	1.48726788685917e-44	c8	FTH1
4.487532238912e-49	0.43291089114049	0.686	0.609	1.5050285622863e-44	c8	TECR
4.62460368777239e-49	0.152940152950748	0.999	0.998	1.5509995848051e-44	c8	EIF1
2.67154964737449e-48	0.580203476728955	0.475	0.369	8.95984320736455e-44	c8	SUSD3
4.42093987200395e-48	0.618272482357086	0.419	0.312	1.48269481427268e-43	c8	MTHFD2
4.53611121516299e-48	0.598260925869246	0.437	0.332	1.52132097934136e-43	c8	ADD3
7.17207049864022e-48	0.80809270222376	0.356	0.259	2.40536900383396e-43	c8	SHMT2
1.62596424670136e-47	0.703985265855875	0.35	0.249	5.45315889058703e-43	c8	GRINA
2.31650766713905e-47	0.202952737532497	0.958	0.953	7.76910341405096e-43	c8	ATP5MC2
3.05245501388487e-47	0.277112955711941	0.866	0.835	1.02373236255671e-42	c8	HCLS1
3.42377419343047e-47	0.30384541373033	0.824	0.786	1.14826538899271e-42	c8	EIF3H
4.81044721481429e-47	0.476303846781815	0.675	0.603	1.61332778690442e-42	c8	SELPLG
6.80104452492628e-47	0.637222998274215	0.371	0.269	2.28093431276977e-42	c8	PPM1M
7.10697961886704e-47	0.26453685323483	0.891	0.863	2.38353882457563e-42	c8	EIF3F
7.95433419245279e-47	0.161490903745844	0.982	0.975	2.66772460146482e-42	c8	PTPRCAP
1.22091790934873e-46	0.460674745987774	0.627	0.537	4.09471448437376e-42	c8	YWHAH
1.3691778808452e-46	0.497323876098107	0.558	0.457	4.59194877677862e-42	c8	PARP1
1.48119741997854e-46	0.479748782083496	0.477	0.367	4.96763990712403e-42	c8	SH2D1A
2.34621474605034e-46	0.63681769377229	0.492	0.397	7.86873501530362e-42	c8	EPB41
9.50609924015627e-46	0.474222086285322	0.703	0.644	3.18815556316361e-41	c8	RNF213
2.16015943221893e-45	0.444033932379715	0.639	0.553	7.24474270377584e-41	c8	ITGA4
4.40979221526064e-45	0.398841200033096	0.686	0.621	1.47895611315411e-40	c8	VCP
1.64237714470333e-44	0.523587437287706	0.658	0.58	5.50820446790602e-40	c8	DDIT4
2.29031324536047e-44	0.641988180190027	0.372	0.275	7.68125256228995e-40	c8	CERK
3.55914924635408e-44	0.601251424416795	0.372	0.273	1.19366747424223e-39	c8	CHD3
3.79922788362705e-44	0.546788634551196	0.554	0.471	1.27418504761084e-39	c8	R3HDM4
4.85679109546411e-44	0.624664342152341	0.383	0.281	1.62887059759675e-39	c8	GBP4
6.72498998954509e-44	0.31224587908588	0.793	0.746	2.25542714269363e-39	c8	PARK7
1.6093729821052e-43	0.710963155142305	0.343	0.251	5.39751510738442e-39	c8	ATOX1
9.11963186153662e-43	0.578695752581092	0.458	0.363	3.05854213372215e-38	c8	SNX5
1.77620311856736e-42	0.291064740263767	0.83	0.787	5.95703001905122e-38	c8	PRR13
2.08704917301952e-42	0.654133744466968	0.381	0.286	6.99954551647287e-38	c8	FOXN3
2.93172189080322e-42	0.547269151084066	0.476	0.383	9.83240887737583e-38	c8	GTF3C6
4.95042010937366e-42	0.506867774096227	0.502	0.412	1.66027189628174e-37	c8	SEC11C
5.92688622520153e-42	0.236831593904023	0.975	0.957	1.98775910220809e-37	c8	JUNB
7.02652077687473e-42	0.675712609745609	0.346	0.254	2.35655453814825e-37	c8	CLIP1
8.9593075337281e-42	0.287982071294727	0.881	0.844	3.00477256066173e-37	c8	LIMD2
9.19681914749379e-42	0.452853961778462	0.562	0.47	3.08442920568647e-37	c8	OPTN
1.00308878152759e-41	0.258163778200179	0.881	0.855	3.36415915548724e-37	c8	GMFG
1.92733111618015e-41	0.689552798392303	0.352	0.261	6.46388309744498e-37	c8	ASXL1
3.49806970231186e-41	0.285226003624821	0.819	0.781	1.17318261676135e-36	c8	SLC25A3
9.88249002246849e-41	0.665592751149616	0.329	0.238	3.31438950373548e-36	c8	HTATIP2
1.57470167837668e-40	0.619415027638901	0.362	0.268	5.28123448893971e-36	c8	PLK3
3.19052962972592e-40	0.473626223689348	0.577	0.492	1.07003982721748e-35	c8	ATRX
4.65245785419928e-40	0.478234184565178	0.576	0.498	1.56034131514135e-35	c8	SLFN5
5.16833103591399e-40	0.239414592990118	0.895	0.882	1.73335486282483e-35	c8	SKP1
1.09694735239935e-39	0.275689545800291	0.829	0.8	3.67894203047695e-35	c8	ATP6V0E1
4.49173942434007e-39	0.644663391834444	0.333	0.243	1.50643956813517e-34	c8	MKRN1
5.33186482909836e-39	0.227468096849092	0.91	0.894	1.78820082638301e-34	c8	TMBIM6
9.72602632348472e-39	0.254776569108464	0.856	0.832	3.26191470837031e-34	c8	NDUFA4
1.11745184817042e-38	0.482554015798289	0.525	0.436	3.74771000839395e-34	c8	CYBC1
1.42721333243239e-38	0.448160573764428	0.377	0.285	4.78658807431173e-34	c8	NPC2
1.42873607603799e-38	0.611765483597203	0.371	0.281	4.7916950518162e-34	c8	ABTB1
1.62117333192427e-38	0.230527291668923	0.928	0.931	5.43709112060761e-34	c8	HINT1
1.90318039196568e-38	0.386055858502526	0.667	0.598	6.38288639857448e-34	c8	RCSD1
7.83508544738242e-38	0.522155776981604	0.466	0.376	2.62773095734311e-33	c8	JAK3
1.18845024463706e-37	0.541032161017983	0.424	0.329	3.98582443046376e-33	c8	LMBRD1
2.18661648843881e-37	0.723291675396512	0.352	0.268	7.33347437892609e-33	c8	MAP2K3
3.87466370666615e-37	0.232808425366215	0.613	0.489	1.29948471394169e-32	c8	GPR183
1.12555027057463e-36	0.50028145342915	0.483	0.396	3.77487049745319e-32	c8	VAMP5
1.40022097167842e-36	0.175241271399185	0.986	0.988	4.69606109481508e-32	c8	HSPA8
1.43128772969784e-36	0.563986978508944	0.427	0.339	4.80025278786061e-32	c8	CHST11
1.87292261985174e-36	0.598108038125406	0.383	0.296	6.28140788245876e-32	c8	ARPP19
2.18849961603184e-36	0.525712441756953	0.43	0.342	7.3397900122476e-32	c8	NCKAP1L
2.78399123424309e-36	0.487026494913907	0.517	0.434	9.33694980140448e-32	c8	RABGAP1L
2.97698213014094e-36	0.511838637811624	0.591	0.505	9.98420266806667e-32	c8	STAT1
4.91873344516031e-36	0.282300438166879	0.789	0.736	1.64964482283786e-31	c8	GYPC
6.4336320947581e-36	0.362106210093473	0.65	0.584	2.15771153193997e-31	c8	PRDX2
7.30082722424698e-36	0.377459262901796	0.582	0.493	2.44855143446795e-31	c8	CLTA
8.45136827903139e-36	0.497758601871424	0.461	0.371	2.83441989342155e-31	c8	PTPN2
8.69899861734835e-36	0.151860545550341	0.98	0.98	2.91747015628629e-31	c8	EEF2
1.05167034568634e-35	0.375497671988637	0.649	0.588	3.52709200536286e-31	c8	DYNLRB1
1.22961730935583e-35	0.628934829769351	0.353	0.269	4.12389053211758e-31	c8	MAPKAPK3
1.33488029760157e-35	0.273247328465499	0.803	0.772	4.47692154209614e-31	c8	EIF4B
1.45596903142228e-35	0.177071422558894	0.952	0.95	4.88302893758403e-31	c8	COX7C
2.60490037695905e-35	0.286798913123602	0.745	0.679	8.73631488424525e-31	c8	DYNLL1
3.7911190947102e-35	0.285155406589788	0.75	0.681	1.27146552198391e-30	c8	WDR1
4.72930533839608e-35	0.333205817964904	0.712	0.645	1.58611442439128e-30	c8	N4BP2L2
4.75866287449769e-35	0.208347207674532	0.924	0.901	1.59596035484904e-30	c8	CNBP
6.47823116148375e-35	0.453841680376505	0.598	0.527	2.17266916693842e-30	c8	SMCHD1
8.76923450769024e-35	0.57707299128363	0.354	0.269	2.94102586918915e-30	c8	RASGRP1
1.15117465385065e-34	0.489334187059124	0.531	0.456	3.8608095540843e-30	c8	CYLD
1.41415797900046e-34	0.327897797028214	0.663	0.593	4.74280302997174e-30	c8	RAC1
1.66956291734755e-34	0.590755507354823	0.389	0.305	5.59938011220021e-30	c8	STARD7
2.33880334586307e-34	0.477478163278393	0.645	0.578	7.84387866135557e-30	c8	BAX
2.4685775681978e-34	0.222195757022535	0.876	0.856	8.27911544822178e-30	c8	UBL5
2.51347035313462e-34	0.578905531467739	0.367	0.283	8.42967687034288e-30	c8	PFKL
2.90171134816314e-34	0.17894608767939	0.968	0.964	9.73175951946953e-30	c8	H3F3A
2.90403288598499e-34	0.662966168180884	0.302	0.22	9.73954549301647e-30	c8	USP48
4.25200586564204e-34	0.484113283634102	0.593	0.518	1.42603772721903e-29	c8	CREM
4.68381812942666e-34	0.352466012072975	0.687	0.629	1.57085892424711e-29	c8	PAIP2
4.72003661783979e-34	0.161841469177293	0.976	0.963	1.58300588089111e-29	c8	CD3D
6.62184267964504e-34	0.412099074479975	0.618	0.544	2.22083359789935e-29	c8	SCAND1
7.39632745925529e-34	0.571667717024186	0.386	0.302	2.48058030328504e-29	c8	GALM
8.54286935151142e-34	0.335872176400256	0.651	0.577	2.8651075231099e-29	c8	TAX1BP1
1.01233839069233e-33	0.623163277882562	0.352	0.269	3.39518049470395e-29	c8	ANKRD10
1.07831128190985e-33	0.623755133179778	0.306	0.224	3.61644037726926e-29	c8	NUMA1
1.14693490704739e-33	0.540276178351927	0.579	0.503	3.84659029125553e-29	c8	TRBC1
1.43125626399577e-33	0.162815460442134	0.991	0.986	4.80014725818903e-29	c8	BTG1
1.77766109807324e-33	0.280138009250349	0.805	0.774	5.96191979071803e-29	c8	SRSF5
2.21992963363668e-33	0.29054606661454	0.74	0.7	7.44520000529071e-29	c8	VAMP8
3.74705775754899e-33	0.371268563578339	0.643	0.57	1.25668823072678e-28	c8	SIT1
7.33055772569066e-33	0.396108899706975	0.595	0.527	2.45852245004213e-28	c8	G3BP2
7.91309794930688e-33	0.62046736850094	0.31	0.23	2.65389479023854e-28	c8	RAP1GDS1
8.96492035182843e-33	0.220946821504093	0.905	0.906	3.00665498759622e-28	c8	UQCRB
1.48906727523817e-32	0.417953252326587	0.513	0.435	4.99403382769379e-28	c8	C4orf48
2.38128997635881e-32	0.60385286574189	0.395	0.315	7.98637032271216e-28	c8	HPRT1
5.50368439819194e-32	0.330027410517484	0.684	0.62	1.84582567346561e-27	c8	DPP7
6.76171561162002e-32	0.521524484235387	0.407	0.325	2.26774418182512e-27	c8	PIH1D1
1.09649981528766e-31	0.675974875673007	0.347	0.272	3.67744108051174e-27	c8	REXO2
1.19175227838186e-31	0.428245569003149	0.584	0.517	3.99689879123708e-27	c8	TRIM22
1.58266705834748e-31	0.604438739923838	0.314	0.235	5.30794878028577e-27	c8	CCDC28A
1.86446786704968e-31	0.499586863982237	0.464	0.388	6.25305233251121e-27	c8	GRSF1
2.4058350772516e-31	0.243009415320892	0.851	0.821	8.06868968208642e-27	c8	LCP2
2.49990752393292e-31	0.480066603870615	0.412	0.329	8.38418985376623e-27	c8	MT1X
2.5165249296046e-31	0.379997190833727	0.568	0.486	8.43992130890791e-27	c8	RAB11B
3.35846054098159e-31	0.210157966022298	0.872	0.857	1.12636049623441e-26	c8	EDF1
3.39179934947012e-31	0.435028592909951	0.491	0.415	1.13754166582529e-26	c8	IGBP1
5.24227621327038e-31	0.597974174917673	0.396	0.321	1.75815459640662e-26	c8	S1PR4
6.99044661240822e-31	0.407343387593923	0.533	0.455	2.34445598486947e-26	c8	ANXA7
7.09003185925772e-31	0.272551875689168	0.773	0.72	2.37785488495786e-26	c8	ATP5IF1
8.16269644113516e-31	0.355477176178507	0.646	0.588	2.73760513242791e-26	c8	EML4
1.03716913727169e-30	0.328707374029493	0.58	0.487	3.47845785258178e-26	c8	MT2A
1.14004312856005e-30	0.427912227618932	0.502	0.418	3.82347664456469e-26	c8	RNF19A
1.23900542864305e-30	0.512273420373518	0.419	0.34	4.15537640658305e-26	c8	LYPLA1
1.61980790603372e-30	0.517368819859682	0.402	0.323	5.43251175525588e-26	c8	TM9SF2
1.69888650037867e-30	0.137422530830536	0.976	0.982	5.69772554496997e-26	c8	ATP5F1E
2.72764078917267e-30	0.198776646945694	0.917	0.902	9.14796167872732e-26	c8	EIF3K
2.75122630061767e-30	0.334071474333693	0.715	0.673	9.22706276701153e-26	c8	IL2RG
3.46205271217656e-30	0.113082378116714	0.993	0.995	1.16110323860977e-25	c8	RACK1
5.51021700981917e-30	0.447989299019043	0.501	0.425	1.84801658075315e-25	c8	WNK1
7.14260514212819e-30	0.428827440940462	0.451	0.37	2.39548691256695e-25	c8	PYHIN1
9.26313311238374e-30	0.550480891337368	0.358	0.279	3.10666958323126e-25	c8	B4GALT3
1.46071390880752e-29	0.375082804997541	0.546	0.472	4.89894230735865e-25	c8	CLTB
1.74345441762209e-29	0.51187168318089	0.364	0.286	5.84719742582095e-25	c8	UBL7
1.83082376455093e-29	0.490333849705349	0.426	0.344	6.1402167415509e-25	c8	STN1
2.39939372093931e-29	0.246066476925337	0.862	0.824	8.04708666128625e-25	c8	TRBC2
2.51176128153269e-29	0.556598692941727	0.345	0.268	8.42394498600433e-25	c8	FAM104A
3.47125214244017e-29	0.37443077466947	0.561	0.493	1.16418854353159e-24	c8	GRB2
4.44704190247337e-29	0.402993921601744	0.511	0.43	1.49144891325152e-24	c8	GPRIN3
4.75812012016521e-29	0.574976490520883	0.322	0.244	1.59577832590101e-24	c8	NT5C3A
5.08317098387812e-29	0.440048052150023	0.488	0.412	1.70479388457305e-24	c8	MRPS6
6.4202068168802e-29	0.501629843663817	0.508	0.441	2.15320896224528e-24	c8	IKZF3
6.86848342607018e-29	0.500309951201678	0.314	0.233	2.30355197143542e-24	c8	AHR
1.22327525026374e-28	0.318203687809747	0.648	0.586	4.10262053433452e-24	c8	FMNL1
1.31553239048255e-28	0.27899111962549	0.686	0.623	4.41203253120036e-24	c8	PSMB3
1.98806783159711e-28	0.322061131295487	0.808	0.781	6.66758189361038e-24	c8	ENO1
2.06207157746232e-28	0.206536639206508	0.776	0.703	6.91577565649311e-24	c8	NFKBIA
2.85481762153731e-28	0.245669830873052	0.766	0.722	9.57448733911184e-24	c8	FKBP1A
3.21024271051076e-28	0.123734234781011	0.994	0.994	1.0766512002511e-23	c8	ACTG1
3.31602584070932e-28	0.326309763432685	0.596	0.524	1.11212874645709e-23	c8	PPP1CC
3.79514232761396e-28	0.517359852011737	0.329	0.251	1.27281483383517e-23	c8	FAM173A
3.99441216605451e-28	0.538885429857981	0.444	0.371	1.33964595225136e-23	c8	GLUD1
4.631389186305e-28	0.365602331443154	0.588	0.52	1.55327530530297e-23	c8	PET100
6.07568295464732e-28	0.318376487559342	0.613	0.527	2.03766254932962e-23	c8	TPM4
8.30490419270374e-28	0.517282608551622	0.366	0.29	2.78529876814898e-23	c8	TMEM134
9.77385708630408e-28	0.285415677630014	0.699	0.651	3.27795618960466e-23	c8	DDX17
1.03761799346034e-27	0.193427665149864	0.904	0.896	3.47996322646728e-23	c8	DAZAP2
1.11367436034968e-27	0.303747836131006	0.667	0.601	3.73504106974075e-23	c8	OTUB1
2.22472568740496e-27	0.38374037728411	0.584	0.524	7.46128501041874e-23	c8	SEC11A
2.24942880640249e-27	0.551073244901637	0.341	0.265	7.54413433091266e-23	c8	NBR1
3.03333877427932e-27	0.157550983985711	0.971	0.974	1.0173211581178e-22	c8	DDX5
3.32421731574906e-27	0.448911955475386	0.475	0.402	1.11487600335592e-22	c8	MYCBP2
3.81909673784122e-27	0.125573034823018	0.985	0.985	1.28084866393719e-22	c8	SERF2
4.57229868374462e-27	0.462441728750257	0.46	0.386	1.53345753255427e-22	c8	AC243960.1
8.5272346192105e-27	0.367733279723664	0.538	0.467	2.85986394659082e-22	c8	SYF2
1.55315309008485e-26	0.380063246163711	0.593	0.532	5.20896483352656e-22	c8	SNX6
2.11237069091976e-26	0.467886225028079	0.351	0.273	7.08446882320669e-22	c8	SELENOM
2.39771652825141e-26	0.422698112580052	0.369	0.288	8.04146169244957e-22	c8	KLF2
2.50107311731804e-26	0.480951416350656	0.498	0.43	8.38809902086123e-22	c8	ITK
3.3772029577963e-26	0.568039080757682	0.317	0.245	1.13264632798572e-21	c8	RNF145
3.71372563294189e-26	0.182947837713527	0.87	0.854	1.24550930277605e-21	c8	TRIR
3.94217904993809e-26	0.547767637563474	0.347	0.273	1.32212800976824e-21	c8	PCSK7
4.6210738669056e-26	0.30624684423476	0.707	0.653	1.5498157534828e-21	c8	PNISR
5.15057384605396e-26	0.556309835686141	0.325	0.254	1.72739945648958e-21	c8	MAN2B1
5.43714516505015e-26	0.418119739102794	0.422	0.342	1.82350974545452e-21	c8	TXNDC17
6.72460547965966e-26	0.181392206890423	0.971	0.95	2.25529818576826e-21	c8	DUSP1
9.55975423673289e-26	0.229493547171988	0.787	0.749	3.20615037591548e-21	c8	BRK1
1.25273476881389e-25	0.323738081098589	0.625	0.567	4.20142186764803e-21	c8	EPC1
1.47705501160428e-25	0.190232510262569	0.822	0.78	4.95374709791843e-21	c8	COX8A
2.6509720976631e-25	0.259495754732845	0.715	0.66	8.8908302211425e-21	c8	ARF5
3.27322358672502e-25	0.416925266981939	0.428	0.356	1.09777372651584e-20	c8	CTSS
3.58219057047696e-25	0.508748024236819	0.315	0.241	1.20139507352656e-20	c8	RFTN1
4.07975044362644e-25	0.267310260587018	0.763	0.728	1.36826670378344e-20	c8	SERBP1
4.83725960544017e-25	0.0654187197315013	0.995	0.99	1.62232012647253e-20	c8	GAPDH
5.57571581373709e-25	0.284610588779668	0.699	0.647	1.86998356961115e-20	c8	SELENOW
5.93994070792718e-25	0.54028622550867	0.326	0.255	1.99213731462462e-20	c8	SAR1B
6.30634249390619e-25	0.275659223582563	0.721	0.685	2.11502114560626e-20	c8	SNU13
7.43415252003352e-25	0.215480872709861	0.815	0.782	2.49326607216884e-20	c8	EIF3L
1.04416479289762e-24	0.205631682963219	0.429	0.348	3.50191988242005e-20	c8	HLA-DRB1
1.21140749063906e-24	0.518041959087663	0.343	0.272	4.06281844210526e-20	c8	DCP2
2.03831834940222e-24	0.371643358501538	0.535	0.475	6.83611208022518e-20	c8	CCNDBP1
3.32007897097491e-24	0.473963179384501	0.375	0.306	1.11348808528556e-19	c8	MOB3A
3.61949563942747e-24	0.330857322005874	0.612	0.545	1.21390644755118e-19	c8	RORA
4.3952814556917e-24	0.309751169281481	0.577	0.514	1.47408949460988e-19	c8	CASP4
5.38695519867683e-24	0.279976884227935	0.677	0.641	1.80667703453223e-19	c8	LAMTOR4
5.78108856926519e-24	0.495316387649184	0.355	0.284	1.93886148436016e-19	c8	MTERF4
6.69477877927517e-24	0.540185139283797	0.313	0.246	2.24529490699331e-19	c8	CHMP7
8.93301931289254e-24	0.314556810705271	0.618	0.566	2.9959560171579e-19	c8	NDUFA13
1.00356078606289e-23	0.458038322350785	0.382	0.309	3.36574216429771e-19	c8	YIPF3
1.0115584452366e-23	0.0929599163365289	0.934	0.881	3.39256471363451e-19	c8	CD7
1.09398282563417e-23	0.336415462312884	0.542	0.471	3.66899960061188e-19	c8	NDUFB1
1.15151263439549e-23	0.324847022127338	0.588	0.527	3.86194307323558e-19	c8	MPHOSPH8
1.24414487061428e-23	0.414251183571097	0.52	0.454	4.17261306706616e-19	c8	WSB1
1.26572541570611e-23	0.374786771151365	0.519	0.454	4.24498989919515e-19	c8	ARHGAP4
1.34871077556021e-23	0.300607004270608	0.606	0.545	4.52330619907383e-19	c8	UBE2N
1.74076895923561e-23	0.289771431338661	0.667	0.62	5.8381909354844e-19	c8	SF3B1
1.83807092202043e-23	0.329601976529869	0.603	0.553	6.1645222582721e-19	c8	AUP1
2.13538515308842e-23	0.429085996484377	0.413	0.343	7.16165472642795e-19	c8	NT5C
3.36972864117251e-23	0.497827795718844	0.335	0.265	1.13013959167644e-18	c8	CDV3
4.01011989427057e-23	0.39947170686534	0.457	0.388	1.34491401014046e-18	c8	TANK
4.72315552910178e-23	0.134011438467894	0.933	0.926	1.58405190135015e-18	c8	SRP14
5.96250911611848e-23	0.316608196081101	0.606	0.551	1.99970630736382e-18	c8	OCIAD2
9.09889586362685e-23	0.50008856776399	0.319	0.25	3.05158769474317e-18	c8	HBP1
9.79041024143583e-23	0.290276884724588	0.674	0.625	3.28350778677275e-18	c8	ETS1
9.91426124444541e-23	0.506558321682018	0.301	0.232	3.3250449361621e-18	c8	MICAL1
1.01758492000744e-22	0.309207575207896	0.553	0.492	3.41277630472095e-18	c8	SCAMP2
1.11104827984579e-22	0.264307894763696	0.7	0.663	3.7262337209468e-18	c8	TMEM50A
1.33440386934802e-22	0.285018998468945	0.65	0.595	4.47532369701939e-18	c8	MRPS21
1.36116382415687e-22	0.20955532443693	0.763	0.706	4.56507123345731e-18	c8	PPP1R18
1.37473035174935e-22	0.274736713932356	0.645	0.584	4.61057065369697e-18	c8	FAM49B
1.52384949878783e-22	0.451151508573326	0.406	0.339	5.11068644903462e-18	c8	RILPL2
1.58387089724266e-22	0.31511282978296	0.588	0.528	5.31198621517245e-18	c8	SNRPN
1.70835644471022e-22	0.412977955576325	0.421	0.35	5.72948584426915e-18	c8	AKIRIN2
1.71043914861992e-22	0.243208837851298	0.696	0.651	5.73647081664148e-18	c8	COX5A
2.07196895113015e-22	0.508392685760617	0.408	0.342	6.94896946830028e-18	c8	ARID5A
2.13375900658479e-22	0.155440157757583	0.923	0.918	7.15620095628406e-18	c8	SLC25A6
2.20337255188813e-22	0.654096206947157	0.356	0.292	7.38967086452242e-18	c8	IFI6
2.28310473220408e-22	0.423864422010815	0.404	0.336	7.65707665086604e-18	c8	DECR1
2.71812272470048e-22	0.295986755424316	0.717	0.673	9.11603999410048e-18	c8	PPP1R2
3.56400395523161e-22	0.349180666127667	0.522	0.46	1.19529564650558e-17	c8	CHMP2A
3.66744100460612e-22	0.0891514420903032	0.73	0.638	1.2299863641248e-17	c8	RGCC
3.96222700390933e-22	0.319987202934757	0.637	0.585	1.32885169257111e-17	c8	SP100
5.17439205036458e-22	0.529576547114733	0.301	0.236	1.73538760585127e-17	c8	BABAM2
6.35585563936199e-22	0.257580477199512	0.73	0.714	2.13162686432922e-17	c8	ANXA11
8.69668435277476e-22	0.253210820993041	0.725	0.67	2.9166939982336e-17	c8	EID1
1.00939931889769e-21	0.280440399267569	0.618	0.554	3.38532343571906e-17	c8	PPP4C
1.0111471590208e-21	0.467701922934215	0.402	0.337	3.39118534192395e-17	c8	IQGAP2
1.04111191167104e-21	0.376552858302396	0.389	0.316	3.49168112936235e-17	c8	RIPOR2
1.10448713489252e-21	0.313077832663248	0.583	0.521	3.70422895300252e-17	c8	NME3
1.41251624408984e-21	0.20966712628216	0.757	0.706	4.73729697942852e-17	c8	PSMB8
1.54618800245282e-21	0.473742967259297	0.44	0.378	5.18560532262625e-17	c8	CYTH1
1.86054175257876e-21	0.44534176001413	0.361	0.292	6.23988492979865e-17	c8	B3GNT2
1.96605537743445e-21	0.379980094014312	0.452	0.384	6.59375652483965e-17	c8	TADA3
2.0695792320792e-21	0.367629915152693	0.487	0.417	6.94095482854721e-17	c8	LBR
2.19576525054785e-21	0.451234972381649	0.433	0.37	7.36415749728739e-17	c8	PHIP
3.16384259077714e-21	0.312182820332648	0.753	0.719	1.06108952809484e-16	c8	AES
3.52634122977189e-21	0.503155469679612	0.343	0.279	1.1826643216409e-16	c8	RSBN1
4.52951669293319e-21	0.30524154208314	0.571	0.512	1.51910930847593e-16	c8	PSMC5
5.36511872165437e-21	0.12315163032474	0.985	0.99	1.79935351686844e-16	c8	EEF1D
6.39538407940052e-21	0.529092949229725	0.304	0.241	2.14488391254935e-16	c8	RALGDS
7.03328102694298e-21	0.299768495349883	0.62	0.565	2.35882179081614e-16	c8	ARGLU1
7.54658548880146e-21	0.233231462673172	0.734	0.705	2.53097384123423e-16	c8	C19orf53
1.10349415471935e-20	0.217766544564282	0.787	0.771	3.70089869609776e-16	c8	ANAPC16
1.14751088096952e-20	0.216328350653771	0.765	0.737	3.84852199259557e-16	c8	UQCR10
1.98121905123152e-20	0.416438192986241	0.368	0.301	6.64461245402029e-16	c8	CD58
2.07020042122819e-20	0.499154643335718	0.329	0.265	6.9430381727151e-16	c8	TRIM69
2.28186636917916e-20	0.397911612025285	0.411	0.347	7.65292342895308e-16	c8	PQBP1
2.75595401636766e-20	0.284007541617874	0.658	0.613	9.24291858009385e-16	c8	TCEA1
3.26824034154953e-20	0.384627971198135	0.475	0.414	1.09610244574888e-15	c8	MVP
3.51531103748894e-20	0.344437770866341	0.504	0.443	1.17896501575304e-15	c8	PNPLA2
3.67999494581425e-20	0.515451769425981	0.32	0.26	1.23419670492718e-15	c8	IL12RB1
3.9865260599431e-20	0.410140138376034	0.385	0.32	1.33700110998372e-15	c8	NRDC
4.48957006215149e-20	0.395512900626572	0.397	0.334	1.50571200744437e-15	c8	FLOT2
6.53373769266982e-20	0.442148302802477	0.406	0.344	2.1912849473676e-15	c8	NECAP2
7.044072659108e-20	0.276980642385165	0.614	0.564	2.36244108841164e-15	c8	SUMO1
9.91541103881407e-20	0.212285606488906	0.775	0.755	3.32543055419746e-15	c8	APBB1IP
1.02170801576275e-19	0.481654463791402	0.308	0.247	3.42660434326511e-15	c8	MORC3
1.02197135889647e-19	0.324401382182661	0.564	0.509	3.42748754346699e-15	c8	FGFR1OP2
1.21084925444986e-19	0.413081528626387	0.5	0.437	4.06094622957395e-15	c8	ISG15
1.23524312603534e-19	0.434915363532375	0.343	0.281	4.14275839609733e-15	c8	GMIP
1.4274862165897e-19	0.392167856115745	0.43	0.364	4.78750327319852e-15	c8	RCAN3
1.77470124060016e-19	0.435068124882617	0.369	0.307	5.95199302072482e-15	c8	SRSF8
1.87295935205096e-19	0.362218184757075	0.455	0.395	6.28153107490852e-15	c8	MGAT1
2.00221892062322e-19	0.219138088833305	0.82	0.794	6.71504181598616e-15	c8	SF1
2.10849163165557e-19	0.252290849177228	0.671	0.623	7.07145923424644e-15	c8	CSNK2B
2.20724823196583e-19	0.261952665782499	0.631	0.578	7.402669120367e-15	c8	CBX3
2.41948095699082e-19	0.502181344254355	0.373	0.313	8.11445523355581e-15	c8	CASP8
2.51665321796686e-19	0.383578293869458	0.466	0.408	8.44035156241726e-15	c8	TGOLN2
2.60415463726397e-19	0.465222775311271	0.335	0.274	8.73381382245589e-15	c8	COMMD7
2.6417378199478e-19	0.482335776877472	0.346	0.284	8.85986030054094e-15	c8	CCDC91
3.17517309779113e-19	0.216462324094008	0.729	0.691	1.06488955353719e-14	c8	WDR83OS
3.22915532711506e-19	0.374620914561046	0.448	0.385	1.08299411360785e-14	c8	VPS13C
3.73484109656253e-19	0.22686248681562	0.704	0.663	1.25259100696514e-14	c8	GABARAPL2
3.79301711581965e-19	0.329218225629924	0.455	0.39	1.27210208030359e-14	c8	LAPTM4A
4.31212287948342e-19	0.286057522535421	0.591	0.547	1.44619977132115e-14	c8	PSMB6
4.53983440520898e-19	0.534334863817742	0.307	0.247	1.52256966281899e-14	c8	ORMDL3
4.89338178588469e-19	0.407771256053443	0.399	0.333	1.64114238335001e-14	c8	RNF44
5.05208587275839e-19	0.412303884408777	0.374	0.312	1.69436856000571e-14	c8	ALDH9A1
5.25580771753246e-19	0.222431419599886	0.706	0.677	1.76269279230604e-14	c8	PSMB1
5.32369846682601e-19	0.273005501944762	0.665	0.612	1.78546199180411e-14	c8	TAP1
5.86379747477687e-19	0.335420747375725	0.465	0.405	1.96660039709067e-14	c8	TMBIM4
5.92130321951077e-19	0.373711887927325	0.426	0.362	1.98588667375952e-14	c8	PSMB4
6.27622705070909e-19	0.258430527676354	0.59	0.533	2.10492102826681e-14	c8	NDUFS7
7.70884052434699e-19	0.464743435742824	0.36	0.302	2.58539093505549e-14	c8	PLSCR3
9.05239481511945e-19	0.0893105040824906	0.989	0.993	3.03599217309476e-14	c8	RPL24
9.32039312383195e-19	0.21039348310369	0.735	0.713	3.12587344587076e-14	c8	CSDE1
1.03391458673187e-18	0.290574002582394	0.717	0.689	3.46754274098134e-14	c8	ITM2A
1.0949181735021e-18	0.269655828359147	0.634	0.592	3.67213657029134e-14	c8	PSMD8
1.11910808761743e-18	0.17719198315528	0.794	0.765	3.75326470425134e-14	c8	HIGD2A
1.15021585946222e-18	0.365668190062028	0.45	0.39	3.85759394946438e-14	c8	GLG1
1.20813695007444e-18	0.343330615839624	0.451	0.392	4.05184970315967e-14	c8	SHKBP1
1.56208087275678e-18	0.424753536494475	0.33	0.267	5.2389068310517e-14	c8	USP4
1.80285755566265e-18	0.3309834839655	0.529	0.474	6.0464236701814e-14	c8	HNRNPH3
2.24422142746641e-18	0.235726321087578	0.673	0.624	7.52666982343685e-14	c8	RTRAF
2.26884223004328e-18	0.207151330221572	0.741	0.719	7.60924307111915e-14	c8	FKBP8
2.47121168500749e-18	0.479525075907275	0.31	0.253	8.28794974917811e-14	c8	LRBA
2.63008812121209e-18	0.261142674188846	0.58	0.521	8.82078954092111e-14	c8	RAD21
2.72229955489827e-18	0.443115240340878	0.336	0.275	9.13004824721781e-14	c8	DPYD
3.20189317929969e-18	0.162037342460924	0.84	0.825	1.07385093447353e-13	c8	ELOB
3.70813933266691e-18	0.324464563219197	0.55	0.498	1.24363576938983e-13	c8	HSPB1
3.894186295527e-18	0.240231454386297	0.576	0.514	1.30603219979385e-13	c8	JPT1
3.89685734202186e-18	0.24242045689233	0.667	0.636	1.30692801536729e-13	c8	ATP5F1A
5.78569015832004e-18	0.286170929248243	0.588	0.531	1.94040476529738e-13	c8	KPNB1
6.04849076261583e-18	0.371005559636276	0.379	0.316	2.0285428319661e-13	c8	BTF3L4
6.98125225760456e-18	0.121020106067506	0.97	0.977	2.34137238215542e-13	c8	HNRNPA1
7.30091958920056e-18	0.422332740126616	0.458	0.403	2.44858241182608e-13	c8	CCND2
7.53236576159689e-18	0.385082090982105	0.376	0.315	2.52620482912437e-13	c8	ZNF638
8.03949783274751e-18	0.482143037171429	0.316	0.259	2.69628678314686e-13	c8	CHMP3
8.98446292303188e-18	0.0822074270227944	0.996	0.998	3.01320917512643e-13	c8	PTMA
9.09124860165865e-18	0.225311942640652	0.721	0.694	3.04902295602428e-13	c8	PEBP1
9.18217793505721e-18	0.368811330462793	0.422	0.359	3.07951883585949e-13	c8	SDHA
1.07385931379642e-17	0.112280054341742	0.977	0.981	3.60150936661042e-13	c8	MYL6
1.13870182395677e-17	0.319965095646686	0.528	0.476	3.81897817718622e-13	c8	ZNHIT1
1.45308645111793e-17	0.394911106604177	0.378	0.32	4.8733613397593e-13	c8	STAU1
2.26034147347542e-17	0.0930000096560235	0.921	0.875	7.58073323374185e-13	c8	TSC22D3
2.29348786767958e-17	0.285353968462532	0.534	0.48	7.69189961062379e-13	c8	LAMTOR1
2.49729223461352e-17	0.183129789447943	0.894	0.894	8.37541869644682e-13	c8	FYB1
2.61328850089929e-17	0.424474605605345	0.302	0.242	8.76444697431605e-13	c8	LENG8
2.75035030053054e-17	0.478577814669909	0.308	0.254	9.22412483791931e-13	c8	DCAF11
2.85607947257761e-17	0.283145180699353	0.576	0.527	9.5787193351308e-13	c8	FIS1
3.49337922600962e-17	0.423842239343482	0.329	0.27	1.17160952481911e-12	c8	THOC3
4.0671047239932e-17	0.234019321739032	0.647	0.605	1.36402558233284e-12	c8	SSU72
5.1060249213193e-17	0.384981519627353	0.362	0.304	1.71245863811207e-12	c8	CWC15
5.65210720199771e-17	0.36702393614786	0.423	0.366	1.89560371340599e-12	c8	NUDT5
6.04436697727351e-17	0.425569515226973	0.312	0.252	2.02715979683799e-12	c8	USF2
6.27252743691533e-17	0.194695241940215	0.816	0.805	2.10368025179266e-12	c8	SON
6.39934999682298e-17	0.285285761710758	0.545	0.493	2.14621400193449e-12	c8	C1orf43
6.49367331581183e-17	0.18333037445836	0.754	0.724	2.17784815665697e-12	c8	TMEM258
6.71985332498126e-17	0.275025655235593	0.529	0.473	2.25370440813221e-12	c8	ZNF207
6.88848872110764e-17	0.244126165182652	0.639	0.596	2.31026134728508e-12	c8	POLD4
6.973094425372e-17	0.235332584235997	0.653	0.611	2.33863640838126e-12	c8	CD164
1.15006438017957e-16	0.320133109176166	0.443	0.381	3.85708591824625e-12	c8	NUDT21
1.74935546091085e-16	0.334133574467391	0.456	0.402	5.86698834480281e-12	c8	DAP3
2.08879767003648e-16	0.497070642314601	0.315	0.26	7.00540962576835e-12	c8	TNIP2
2.41473688730347e-16	0.238959105586536	0.726	0.703	8.09854457263839e-12	c8	HLA-F
2.47008945285182e-16	0.310881714473144	0.531	0.484	8.28418600697444e-12	c8	TSPO
2.55553757247306e-16	0.476484782853974	0.304	0.249	8.57076191056016e-12	c8	PNKP
2.58279934952441e-16	0.326906901933009	0.479	0.425	8.66219245843496e-12	c8	DNAJC15
3.2178255259234e-16	0.419939545820312	0.3	0.244	1.07919432488419e-11	c8	LTA4H
4.48212168552571e-16	0.432201559616884	0.324	0.269	1.50321397089161e-11	c8	GNG10
4.55573395415445e-16	0.458154252005161	0.315	0.26	1.52790205354432e-11	c8	SAMD9
5.02070915167259e-16	0.197678867565226	0.711	0.672	1.68384543528795e-11	c8	SEM1
5.10135773714866e-16	0.281192489105595	0.533	0.479	1.71089335788492e-11	c8	RBM4
5.15252290133218e-16	0.281286490271757	0.52	0.466	1.72805313064879e-11	c8	MAPK1IP1L
5.61954283779653e-16	0.393970579125405	0.352	0.296	1.8846822769402e-11	c8	CD2BP2
6.62426148861515e-16	0.342809545018071	0.366	0.302	2.22164481805175e-11	c8	TSPYL2
6.73943728536394e-16	0.28471065351589	0.525	0.473	2.26027247676536e-11	c8	ERGIC3
7.75792825931602e-16	0.338696062747688	0.466	0.412	2.60185397960941e-11	c8	VPS51
8.41059244370665e-16	0.201149834928526	0.584	0.539	2.82074449377034e-11	c8	ARL6IP1
8.91961416794691e-16	0.362081419467887	0.384	0.327	2.99146019964604e-11	c8	ARHGAP25
1.00685920597167e-15	0.116337094694846	0.958	0.955	3.37680440498778e-11	c8	HNRNPA2B1
1.09017351588418e-15	0.322210402663102	0.467	0.412	3.65622393757235e-11	c8	ANKRD11
1.38602822464262e-15	0.367957142636164	0.346	0.289	4.64846145980642e-11	c8	GNPTG
1.57801661845829e-15	0.268238276254458	0.728	0.697	5.2923521349854e-11	c8	CLDND1
1.82156616808726e-15	0.271195191125982	0.58	0.529	6.10916861453105e-11	c8	NAP1L4
2.46888412852241e-15	0.336902114985602	0.444	0.393	8.28014359023845e-11	c8	YY1
2.97679501696522e-15	0.420659115641634	0.32	0.267	9.98357512789795e-11	c8	EXOSC1
3.09349600210803e-15	0.395411434151085	0.329	0.275	1.03749668918699e-10	c8	UBA1
3.1678812657448e-15	0.309700108301875	0.455	0.401	1.06244401890549e-10	c8	NDUFB5
3.33252734202083e-15	0.442307085507891	0.337	0.284	1.11766301996695e-10	c8	SPPL2A
4.91123474334339e-15	0.325464372843923	0.531	0.481	1.64712990822251e-10	c8	HERPUD1
5.76375636598079e-15	0.467196278784501	0.306	0.254	1.93304861002264e-10	c8	NFKB2
6.68369649587847e-15	0.38265619139099	0.386	0.333	2.24157813078772e-10	c8	OGA
8.01655649482991e-15	0.202916188629843	0.665	0.621	2.68859271723605e-10	c8	ERH
8.18427747358183e-15	0.288393303069193	0.497	0.444	2.74484297908988e-10	c8	ADRM1
8.47393419404299e-15	0.34713010290874	0.362	0.307	2.84198804999814e-10	c8	EMC6
9.59637695230897e-15	0.272979285490823	0.566	0.516	3.21843290226538e-10	c8	HNRNPR
1.03174080058456e-14	0.431073020760164	0.401	0.35	3.46025229700049e-10	c8	OGT
1.17436385553672e-14	0.276136181899335	0.514	0.462	3.93858149869905e-10	c8	NDUFS6
1.27571875520632e-14	0.366043533172239	0.39	0.337	4.27850556121095e-10	c8	ATP6V0E2
1.31053287089535e-14	0.187856721293778	0.73	0.7	4.39526514240881e-10	c8	GNG5
1.34919526871682e-14	0.298758244434711	0.493	0.443	4.52493109222246e-10	c8	FAM107B
1.36354842263869e-14	0.317623152825602	0.488	0.442	4.57306869984563e-10	c8	WBP2
1.57372137861205e-14	0.425244410061339	0.349	0.3	5.27794675958911e-10	c8	SRPK2
1.70412352605344e-14	0.283677696040955	0.453	0.395	5.71528948167802e-10	c8	FDFT1
1.7161471735479e-14	0.206370584778403	0.758	0.738	5.75561439064496e-10	c8	RBM39
1.74582110475671e-14	0.307317433204599	0.469	0.415	5.85513482113304e-10	c8	ITSN2
2.43135936055791e-14	0.209602727498731	0.658	0.628	8.1542930234391e-10	c8	NDUFB4
2.5618380727009e-14	0.159145840773612	0.799	0.785	8.59189252822427e-10	c8	RNASEK
3.46433222256295e-14	0.238636242821564	0.489	0.43	1.16186774080316e-09	c8	H2AFY
3.54979783827715e-14	0.396481651596823	0.36	0.312	1.19053119900139e-09	c8	TRAPPC4
3.57700018057528e-14	0.378403005356476	0.372	0.32	1.19965432056134e-09	c8	EAPP
3.7893394665211e-14	0.261383521818817	0.498	0.445	1.27086867028185e-09	c8	PSMG2
4.15357903648426e-14	0.167203376700124	0.794	0.789	1.39302733725609e-09	c8	EIF3G
5.71257600371954e-14	0.12038205724186	0.869	0.865	1.91588374012746e-09	c8	SUB1
6.85006439711909e-14	0.255106196107313	0.622	0.585	2.2973745975058e-09	c8	RNASET2
6.99990093780997e-14	0.481875128765178	0.362	0.315	2.34762677652271e-09	c8	NFKB1
7.01789975300499e-14	0.373392206437579	0.335	0.285	2.35366321916281e-09	c8	HADHB
7.45127626497487e-14	0.112870219153391	0.951	0.952	2.49900903374727e-09	c8	YWHAZ
8.37581563468952e-14	0.293268572317924	0.579	0.547	2.80908104756217e-09	c8	CMTM3
9.7958428082701e-14	0.188891605835681	0.75	0.732	3.28532976103763e-09	c8	ATP6V0C
1.00325405310341e-13	0.266673670224247	0.557	0.513	3.36471344329822e-09	c8	EIF2S3
1.0363678227169e-13	0.262025174472319	0.609	0.583	3.47577040382795e-09	c8	RASSF5
1.03675308316563e-13	0.317555943836423	0.414	0.363	3.4770624903209e-09	c8	EMC10
1.27305266702422e-13	0.320618147636099	0.432	0.382	4.26956403466584e-09	c8	PPP1R7
1.41610979830782e-13	0.359819002226811	0.424	0.374	4.74934904156476e-09	c8	CCDC88C
1.56270606466385e-13	0.326842319347936	0.437	0.389	5.24100359966963e-09	c8	LRPAP1
1.7137935801993e-13	0.370072063639152	0.315	0.263	5.74772090927242e-09	c8	ACTR1B
1.99602400909246e-13	0.303536567428509	0.422	0.372	6.6942653216943e-09	c8	OS9
2.12218587200845e-13	0.103575293637604	0.945	0.943	7.11738697754195e-09	c8	RHOA
2.48459386862348e-13	0.350614764133365	0.342	0.291	8.33283091658942e-09	c8	NFYC
2.52189988888126e-13	0.271155274874606	0.499	0.451	8.45794784732996e-09	c8	PPP2CA
2.82141553937645e-13	0.302017764852117	0.462	0.413	9.46246343596074e-09	c8	CCDC12
2.93024448261967e-13	0.0167380257114154	0.455	0.399	9.82745394580983e-09	c8	HLA-DPA1
2.93444731900935e-13	0.336203728447077	0.398	0.348	9.84154941849355e-09	c8	RNF10
3.43512094697691e-13	0.258074869598207	0.49	0.438	1.15207086319712e-08	c8	SERINC1
3.44812761443559e-13	0.345116552400362	0.36	0.309	1.15643303932941e-08	c8	BECN1
3.70702840400702e-13	0.0868752526882473	0.979	0.978	1.24326318613588e-08	c8	CORO1A
3.81090994485821e-13	0.273364599646464	0.657	0.635	1.27810297730654e-08	c8	SH2D2A
3.83687280524477e-13	0.329860135103451	0.46	0.416	1.28681040142299e-08	c8	BAZ1A
3.84849156493269e-13	0.106148203981889	0.999	0.999	1.29070710104713e-08	c8	HLA-B
4.3216448188182e-13	0.203589661780472	0.592	0.544	1.44939323933525e-08	c8	AP2M1
5.34412477184331e-13	0.383691170567926	0.331	0.284	1.79231256598081e-08	c8	SUPT5H
5.36363092145461e-13	0.219966978504106	0.639	0.603	1.79885453843745e-08	c8	TBCA
6.03083319311942e-13	0.366660742286217	0.342	0.293	2.02262083630839e-08	c8	CDIPT
6.89981482890502e-13	0.300361545793542	0.394	0.342	2.31405989731817e-08	c8	ASNA1
8.9965466354084e-13	0.358321891804461	0.319	0.269	3.01726181058327e-08	c8	PPP2R2A
9.34695135310632e-13	0.280710210492689	0.417	0.364	3.1347805448048e-08	c8	ZMAT2
9.72766167140177e-13	0.279728197881268	0.5	0.448	3.26246317135473e-08	c8	IFI16
1.11178371468698e-12	0.218939226347862	0.61	0.581	3.7287002223172e-08	c8	TUFM
1.20023535185195e-12	0.219039027375587	0.634	0.603	4.02534932304107e-08	c8	EIF3D
1.34838824269458e-12	0.320263894300324	0.415	0.369	4.5222244883491e-08	c8	DENND1C
1.65565082357487e-12	0.28232411380007	0.477	0.43	5.55272173210539e-08	c8	MRPL52
1.96618328725709e-12	0.171509188054202	0.753	0.737	6.59418550880281e-08	c8	TMEM59
1.99921905773552e-12	0.318857308145815	0.462	0.418	6.70498087583339e-08	c8	SP110
2.03527743123244e-12	0.199306076909662	0.71	0.685	6.82591344886735e-08	c8	SAMSN1
2.32160424233437e-12	0.284626002681747	0.735	0.724	7.786196307941e-08	c8	PGAM1
2.34688224798327e-12	0.253019828278008	0.519	0.47	7.87097368328628e-08	c8	GPBP1
2.9003556065252e-12	0.375764804198144	0.345	0.297	9.72721263316421e-08	c8	CLINT1
3.06869022272838e-12	0.418814401973037	0.379	0.337	1.02917732689864e-07	c8	RELB
3.22084967679816e-12	0.311119484295567	0.368	0.319	1.08020856460457e-07	c8	CPSF6
3.22968814143344e-12	0.25380370748586	0.437	0.382	1.08317280887395e-07	c8	CCDC69
3.51779076408625e-12	0.249741469693005	0.553	0.511	1.17979666645925e-07	c8	GRK6
4.19176851186281e-12	0.182610084532484	0.64	0.598	1.40583532350855e-07	c8	PSMA5
4.53629682424275e-12	0.301176051154875	0.418	0.369	1.52138322891453e-07	c8	MPG
5.06372908626619e-12	0.314549460065339	0.476	0.436	1.69827346095196e-07	c8	DNAJA2
5.27048159696636e-12	0.272563995379296	0.513	0.47	1.76761411799058e-07	c8	TMED9
6.11064257371649e-12	0.329356130901679	0.351	0.304	2.04938730637304e-07	c8	ARRDC1
6.25849095829828e-12	0.342515887492625	0.376	0.331	2.09897269759408e-07	c8	PSMD11
7.24731782051737e-12	0.253601292056896	0.494	0.448	2.43060545064512e-07	c8	LASP1
7.32830944995742e-12	0.248295337277204	0.345	0.288	2.45776842332672e-07	c8	CARHSP1
8.02259064205129e-12	0.353896406001242	0.51	0.477	2.69061644953116e-07	c8	BCAS2
8.88813321419317e-12	0.177468734223061	0.696	0.661	2.98090211737611e-07	c8	COPE
9.34480667111649e-12	0.152388583011873	0.798	0.773	3.13406126135905e-07	c8	STK17B
9.79778753363985e-12	0.208608433777835	0.699	0.687	3.28598198303213e-07	c8	IL16
1.0028259708316e-11	0.245138424338567	0.541	0.502	3.36327774097503e-07	c8	ANP32A
1.23763813653798e-11	0.196635911682471	0.693	0.666	4.15079078232108e-07	c8	KMT2E
1.33611731094888e-11	0.148698006909772	0.825	0.812	4.48107023746036e-07	c8	PTGES3
1.37528656870617e-11	0.161480650132754	0.754	0.74	4.61243609412676e-07	c8	SPCS1
1.47231938126637e-11	0.164275143843111	0.747	0.726	4.93786474089114e-07	c8	TRAPPC1
1.54915729575717e-11	0.289744157654877	0.434	0.395	5.19556373851041e-07	c8	STXBP2
1.59966983497177e-11	0.0784723056939058	0.692	0.643	5.36497269252832e-07	c8	H2AFV
1.76562322620564e-11	0.3574544352679	0.316	0.272	5.92154717604848e-07	c8	SOD2
1.86587431293654e-11	0.132655342636967	0.891	0.884	6.25776927072658e-07	c8	TAGLN2
1.87063005127243e-11	0.343258680738773	0.356	0.31	6.27371906595746e-07	c8	ASH1L
2.06455338366485e-11	0.346594285373642	0.334	0.287	6.92409913813517e-07	c8	IST1
2.11076582464031e-11	0.173417772001444	0.707	0.687	7.07908642267866e-07	c8	XRCC6
2.39711851844731e-11	0.37564027682479	0.342	0.298	8.0394560871686e-07	c8	IDI1
2.49997245275607e-11	0.134781648100483	0.916	0.921	8.3844076120533e-07	c8	COMMD6
2.79587521988011e-11	0.205564326731278	0.589	0.554	9.37680631243392e-07	c8	TSC22D4
2.89454649952963e-11	0.241848862049845	0.523	0.479	9.70773005012248e-07	c8	SF3A1
3.2140430608885e-11	0.320336762935534	0.36	0.313	1.07792576176078e-06	c8	COMT
3.60513386581922e-11	0.118610039307911	0.85	0.848	1.20908979591845e-06	c8	COX6B1
3.86222379187317e-11	0.265017588310962	0.469	0.429	1.29531261531842e-06	c8	PSMD4
4.92155228950952e-11	0.186307704053256	0.732	0.716	1.6505902068557e-06	c8	SFPQ
5.11349214384922e-11	0.333115895389131	0.332	0.287	1.71496299520415e-06	c8	SNX2
5.55100588881496e-11	0.17393447013566	0.663	0.634	1.86169635499076e-06	c8	SASH3
5.6036316683182e-11	0.230197926502041	0.485	0.437	1.87934598892056e-06	c8	COPZ1
5.69179156522475e-11	0.247691174520412	0.522	0.478	1.90891305514508e-06	c8	CDC42SE1
6.2342111993215e-11	0.266121141550192	0.458	0.414	2.09082975202844e-06	c8	TMEM248
6.40084321803871e-11	0.325047882913862	0.343	0.298	2.14671479846582e-06	c8	SEPHS2
6.75473023095946e-11	0.337899424039969	0.356	0.31	2.26540142485918e-06	c8	TRAPPC5
7.38713780501554e-11	0.278951779327551	0.415	0.367	2.47749827704611e-06	c8	CRLF3
7.66979413647336e-11	0.340366432115348	0.309	0.263	2.57229555749043e-06	c8	NSD1
7.94253811259084e-11	0.171882264727153	0.74	0.715	2.66376843220072e-06	c8	HNRNPA3
8.25171580917949e-11	0.208734841802445	0.586	0.555	2.76746044808262e-06	c8	DEF6
8.67751528703747e-11	0.246153630647659	0.506	0.469	2.91026507696663e-06	c8	MRPS34
9.84243267518274e-11	0.351139005901451	0.357	0.314	3.30095507060279e-06	c8	SDF2
1.11704845725677e-10	0.202929708789481	0.593	0.566	3.74635711594775e-06	c8	PPP2R1A
1.24415079094538e-10	0.263977549305301	0.433	0.386	4.17263292267263e-06	c8	CMC2
1.31224324722052e-10	0.219744455466789	0.552	0.51	4.40100140252819e-06	c8	PDCD6
1.55716100711072e-10	0.37267040497209	0.341	0.301	5.22240658564792e-06	c8	CISD2
1.56423954057564e-10	0.26839554182493	0.45	0.41	5.24614657118258e-06	c8	NRBP1
1.59660809473191e-10	0.266815519478351	0.465	0.42	5.35470422811186e-06	c8	SNRNP70
1.73692809324917e-10	0.306458498407824	0.427	0.386	5.82530943913908e-06	c8	RSBN1L
1.75555897948985e-10	0.234380802302562	0.529	0.495	5.88779370541305e-06	c8	PPP1R12A
2.16268804297498e-10	0.255006286186075	0.496	0.46	7.25322315852949e-06	c8	SMIM26
2.60270929840838e-10	0.150040649150117	0.8	0.791	8.72896644500204e-06	c8	SEPT9
2.66687069741421e-10	0.294484463370292	0.472	0.434	8.94415094498777e-06	c8	ADAR
3.06515824831769e-10	0.355845833812193	0.334	0.292	1.02799277332079e-05	c8	IRF7
3.18278769755844e-10	0.286099029292811	0.392	0.351	1.06744333800715e-05	c8	C14orf119
3.38443557319439e-10	0.310095226355921	0.33	0.287	1.13507200253793e-05	c8	SRA1
3.45522449555329e-10	0.315362762921425	0.327	0.283	1.15881319131866e-05	c8	DGKZ
3.71537439543697e-10	0.244793088963037	0.52	0.483	1.24606226474165e-05	c8	TMC8
3.87055292757872e-10	0.194784476280887	0.561	0.518	1.29810604085135e-05	c8	UQCRFS1
4.28429483405101e-10	0.206183964214588	0.563	0.518	1.43686680144403e-05	c8	AURKAIP1
4.79892515048435e-10	0.17509278655926	0.732	0.713	1.60946351696944e-05	c8	TBC1D10C
4.95477275264114e-10	0.282182176075206	0.479	0.443	1.66173168578079e-05	c8	NOP58
5.21807034560962e-10	0.298703807055269	0.419	0.382	1.75003643251055e-05	c8	MESD
5.68156159741906e-10	0.335692694127098	0.302	0.26	1.9054821285424e-05	c8	RPS6KB2
5.6925568334202e-10	0.323484788189375	0.332	0.29	1.90916971079247e-05	c8	BUD23
6.64633937551627e-10	0.222144367505915	0.535	0.501	2.22904929976065e-05	c8	HADHA
6.65732078931687e-10	0.285468554844536	0.397	0.355	2.23273224632109e-05	c8	PHF11
6.67675564936568e-10	0.237266860436253	0.552	0.516	2.23925030968426e-05	c8	HNRNPL
6.86195094960681e-10	0.18624117534368	0.613	0.589	2.30136110947913e-05	c8	VAPA
6.91877820553592e-10	0.248277384325593	0.549	0.512	2.32041983457264e-05	c8	ARID4B
8.36636508868361e-10	0.342426119292247	0.32	0.28	2.80591152344271e-05	c8	NUTM2B-AS1
9.82946415623462e-10	0.261958661089348	0.45	0.409	3.29660568871797e-05	c8	MRFAP1
1.03762737874611e-09	0.226071022857352	0.491	0.45	3.47999470283872e-05	c8	MRPL51
1.41859791029633e-09	0.185187319730555	0.636	0.616	4.75769367155182e-05	c8	ECH1
1.42714837383846e-09	0.22978233641745	0.511	0.469	4.78637021617944e-05	c8	NDUFA2
1.52126192831936e-09	0.349541479903766	0.316	0.275	5.10200825519748e-05	c8	PFDN4
1.53916277617001e-09	0.200496170517796	0.575	0.543	5.16204411871897e-05	c8	TSTD1
1.68803703755953e-09	0.233327526703028	0.446	0.408	5.66133861656716e-05	c8	MFF
1.9116587991967e-09	0.201023767840646	0.621	0.582	6.4113212807459e-05	c8	AKAP13
1.9550613718068e-09	0.26937749771777	0.404	0.365	6.55688482876565e-05	c8	COX16
1.96448955002553e-09	0.239738111814567	0.465	0.417	6.58850505287563e-05	c8	YWHAE
2.03546873643477e-09	0.209109690767651	0.588	0.564	6.82655504825494e-05	c8	DDOST
2.07488044815541e-09	0.147793698446472	0.707	0.682	6.95873404702362e-05	c8	TERF2IP
2.24564643159141e-09	0.308590314136824	0.378	0.341	7.53144900227129e-05	c8	ARIH2
2.24578564513528e-09	0.2698222532471	0.447	0.411	7.53191589665471e-05	c8	SERINC3
2.33167506803417e-09	0.139733298710851	0.722	0.703	7.81997184317301e-05	c8	ATP5MF
2.65279000188479e-09	0.229440879730337	0.512	0.473	8.89692710832122e-05	c8	POLR3GL
2.67795130779574e-09	0.116216850245951	0.847	0.845	8.98131309608536e-05	c8	UBE2D3
2.68603847098753e-09	1.01702007173676	0.328	0.419	9.00843582399799e-05	c8	LAG3
3.31965008875657e-09	0.299771955525659	0.399	0.362	0.000111334424676718	c8	ACADVL
3.74206761325489e-09	0.120806795107909	0.82	0.804	0.000125501463613343	c8	PSMA7
3.78583985698507e-09	0.34956473048251	0.314	0.275	0.000126969497123565	c8	SMARCC1
3.90147793800693e-09	0.279282749451538	0.354	0.314	0.000130847767084876	c8	BNIP3L
3.91203800790395e-09	0.309065175127545	0.304	0.263	0.000131201930709083	c8	CTCF
4.5934346473248e-09	0.221780671624576	0.517	0.486	0.000154054611201979	c8	NOL7
4.72369530427418e-09	0.149867974476127	0.669	0.652	0.000158423293114748	c8	JTB
4.89460314496685e-09	0.269060295620157	0.412	0.373	0.000164155200275898	c8	SH3GLB1
5.29081680979852e-09	0.310771794852781	0.392	0.352	0.000177443414167023	c8	PDCL3
5.43023687196969e-09	0.265982689294059	0.448	0.411	0.00018211928421212	c8	RNPEPL1
5.64341349452775e-09	0.186629612501434	0.525	0.485	0.000189268801779472	c8	ARPC5L
6.50074076271654e-09	0.266098778556937	0.436	0.401	0.000218021843699987	c8	CAPZA2
6.50489949256736e-09	0.216145605778632	0.541	0.513	0.000218161319181724	c8	MAX
6.73426538748372e-09	0.163540295491355	0.638	0.613	0.000225853792565429	c8	RHOF
6.88481124333588e-09	0.166128509023161	0.705	0.683	0.000230902799478999	c8	HNRNPU
7.22796750696637e-09	0.302196571863931	0.354	0.315	0.000242411574248638	c8	SMARCC2
7.48509902332925e-09	0.164111461466313	0.645	0.612	0.000251035251044416	c8	NAP1L1
7.79251855791332e-09	0.213800974172911	0.535	0.498	0.000261345487395297	c8	PSMF1
7.9282646636203e-09	0.165100991209698	0.661	0.642	0.000265898140288498	c8	ST13
8.56959475181131e-09	0.233512691703362	0.515	0.483	0.000287407068786248	c8	COX17
8.69912304796875e-09	0.255174261105411	0.496	0.467	0.000291751188782776	c8	EIF3A
8.9256000653248e-09	0.0492640642349267	0.993	0.996	0.000299346774990863	c8	RPL15
1.1767618900088e-08	0.27310672594571	0.399	0.358	0.00039466240267115	c8	ATF6B
1.18879248222495e-08	0.2768690325422	0.397	0.364	0.000398697222688603	c8	MRPS24
1.33621517411948e-08	0.252394613113556	0.401	0.36	0.000448139845096193	c8	PPP4R2
1.40403837395704e-08	0.237225382185122	0.706	0.691	0.000470886389857713	c8	IRF1
1.46550220471228e-08	0.303742915321358	0.338	0.301	0.000491500129416404	c8	DPY30
1.46653721548436e-08	0.236733765492736	0.452	0.419	0.000491847251329146	c8	CLPP
1.6437233118943e-08	0.277948104410582	0.346	0.306	0.000551271924343112	c8	MED28
1.71701996688228e-08	0.172717013840923	0.618	0.59	0.000575854156492978	c8	ACTR2
1.75105983546683e-08	0.336151865116302	0.309	0.272	0.000587270447618867	c8	CHMP4B
1.95867851912059e-08	0.278301105931344	0.387	0.351	0.000656901601742663	c8	LMAN1
2.06421583404307e-08	0.227225099521273	0.529	0.496	0.000692296706421366	c8	ATP6V0B
2.18739109228407e-08	0.25630780589608	0.416	0.379	0.000733607224530232	c8	PPP6C
2.56158608701757e-08	0.222883260586686	0.521	0.492	0.000859104741863952	c8	MRPL57
2.57895712403984e-08	0.327285821131748	0.31	0.276	0.000864930640260481	c8	CHTF8
2.74353751141191e-08	0.229026141210711	0.379	0.34	0.000920127610577326	c8	FAM96A
2.81214580737432e-08	0.201375236461189	0.558	0.526	0.0009431374608772	c8	EIF3I
2.97717565532627e-08	0.283904705593667	0.336	0.298	0.000998485171283323	c8	C7orf50
3.132058866144e-08	0.200367633229265	0.528	0.498	0.00105042990252738	c8	TMCO1
4.09453940792156e-08	0.328116796997494	0.41	0.379	0.00137322662662873	c8	PHPT1
4.511124958447e-08	0.182170883177086	0.53	0.495	0.00151294108856395	c8	ARHGAP30
4.52843203594786e-08	0.129887354443025	0.796	0.787	0.00151874553621619	c8	HNRNPC
4.62153826756078e-08	0.268998746814721	0.526	0.495	0.00154997150417454	c8	PIM1
4.73331224011464e-08	0.195637773885965	0.518	0.487	0.00158745825908965	c8	EIF1B
5.18137888474585e-08	0.315947343740983	0.309	0.274	0.00173773085036606	c8	CREB1
6.01548854960169e-08	0.332599001633304	0.301	0.266	0.00201747454976542	c8	RPIA
6.46182067463842e-08	0.104907756037806	0.965	0.964	0.00216716541786023	c8	NPM1
6.68900917220908e-08	0.224042138236073	0.458	0.424	0.00224335989617548	c8	RNF181
7.06691695758029e-08	0.154605305357432	0.619	0.6	0.00237010260923328	c8	MDH2
7.35352433380913e-08	0.286002478379174	0.389	0.356	0.00246622499107291	c8	SYTL1
8.13863102184712e-08	0.1286333550241	0.68	0.65	0.00272953407210709	c8	BUB3
8.88183355907513e-08	0.185842009126384	0.531	0.495	0.00297878933904262	c8	GATA3
9.29912930449071e-08	0.191966065110904	0.481	0.448	0.0031187419861401	c8	BTN3A2
9.50866221266932e-08	0.295996669413512	0.339	0.305	0.00318901513288504	c8	TRAPPC2L
9.63146363406137e-08	0.214734556348579	0.465	0.427	0.0032302002735915	c8	MIEN1
1.05759102797776e-07	0.256908118869761	0.343	0.304	0.0035469487896318	c8	ACAA1
1.08010401693098e-07	0.173511446479026	0.592	0.566	0.00362245285198313	c8	POLR1D
1.08464613774094e-07	0.110780118109641	0.859	0.86	0.00363768621675557	c8	CYTIP
1.10347073406285e-07	0.0890032263991156	0.869	0.865	0.00370082014789998	c8	COX6A1
1.1296846721801e-07	0.257927763526792	0.358	0.321	0.00378873645355763	c8	SPG21
1.14894619889691e-07	0.153095062318401	0.652	0.628	0.00385333576186046	c8	BSG
1.30183085743829e-07	0.275352212299537	0.316	0.282	0.00436608032967654	c8	WASHC3
1.32957976194097e-07	0.144138241185392	0.699	0.688	0.00445914460559762	c8	ARF6
1.34340324888855e-07	0.237442740034805	0.367	0.331	0.00450550581612243	c8	FDPS
1.49334616746948e-07	0.162683655534723	0.623	0.603	0.00500838437645913	c8	NSA2
1.50931991359076e-07	0.265017429577434	0.378	0.347	0.00506195712620068	c8	C19orf24
1.66613175917936e-07	0.31551708251685	0.303	0.27	0.00558787269393575	c8	PRPF31
1.7567083721913e-07	0.226969720012308	0.404	0.371	0.00589164853865518	c8	RNF114
1.88291662016752e-07	0.251257352455441	0.372	0.335	0.00631492576071781	c8	KXD1
1.93474578508755e-07	0.0885072901556088	0.998	0.998	0.00648875041402663	c8	HLA-C
1.98402621100853e-07	0.160687524649297	0.615	0.587	0.00665402710648041	c8	ATP5PD
2.09709593894005e-07	0.160186575272205	0.564	0.536	0.00703324036001713	c8	ROMO1
2.11386790132156e-07	0.303890666304942	0.317	0.283	0.00708949016745225	c8	TMEM183A
2.12768109602346e-07	0.239250774404201	0.366	0.33	0.00713581685984349	c8	ACIN1
2.22053679365585e-07	0.176426169541459	0.595	0.571	0.00744723629856298	c8	AIP
2.29466382991089e-07	0.280141299546545	0.334	0.298	0.00769584355275515	c8	NEDD9
2.45332652592671e-07	0.244475113183911	0.36	0.326	0.00822796650265301	c8	POLR2I
2.47152599539051e-07	0.293166240033338	0.301	0.267	0.0082890038833407	c8	SP3
2.50352599438609e-07	0.128837141995777	0.686	0.656	0.00839632547997207	c8	DBI
2.76691698344415e-07	0.266215815511146	0.348	0.315	0.009279686179075	c8	NDUFA10
2.89718384778418e-07	0.202400625994339	0.446	0.411	0.00971657518869857	c8	C18orf32
2.90154987581836e-07	0.136897234371984	0.623	0.603	0.00973121797351963	c8	SELENOT
2.92504677364243e-07	0.18025066759342	0.504	0.474	0.00981002186944198	c8	RER1
2.96895319354142e-07	0.185027404005401	0.522	0.491	0.00995727522049923	c8	DNAJC8
3.09897989926412e-07	0.117737340196318	0.779	0.77	0.010393358786152	c8	ATP5F1D
3.10982954692484e-07	0.264432047371142	0.346	0.313	0.0104297463344765	c8	SF3A3
3.21884477935071e-07	0.205049037594774	0.465	0.434	0.0107953616209864	c8	WASF2
3.2862028194328e-07	0.169628828481958	0.6	0.571	0.0110212670158137	c8	RBX1
3.67563295985256e-07	0.187322641364578	0.535	0.51	0.0123273378207535	c8	TMEM219
3.68202036450935e-07	0.282494184052262	0.324	0.291	0.0123487598984914	c8	RBM23
4.45094038149616e-07	0.186298298295429	0.566	0.54	0.0149275638514618	c8	LSM8
4.47967751542676e-07	0.165432700817148	0.561	0.529	0.0150239424512383	c8	SF3B6
4.54008344640691e-07	0.220259840411095	0.415	0.383	0.0152265318625595	c8	FBXW5
4.85081816811955e-07	0.239126693018112	0.376	0.341	0.0162686739722394	c8	AATF
4.95647059653743e-07	0.292615346106767	0.306	0.272	0.0166230110866672	c8	BAZ2A
5.08431923297865e-07	0.243222936052893	0.346	0.312	0.0170517898435638	c8	SNX1
5.09564646489582e-07	0.102890110476062	0.825	0.813	0.0170897791139676	c8	ACTR3
5.20124223179567e-07	0.221396115265281	0.391	0.358	0.0174439261969963	c8	NDUFS2
5.50782092184118e-07	0.183363339843725	0.595	0.57	0.018472129807671	c8	FLT3LG
5.50877190663154e-07	0.271667891872459	0.348	0.315	0.0184753192204608	c8	H2AFJ
5.76905332109485e-07	0.209360593624843	0.495	0.462	0.0193482510282879	c8	IK
5.85951421912279e-07	0.157017370774065	0.46	0.425	0.019651638788094	c8	CXCR6
6.76031529480699e-07	0.14328396500756	0.636	0.61	0.0226727454357237	c8	XRCC5
6.7908255402902e-07	0.22802818148415	0.373	0.336	0.0227750706970253	c8	SMC3
7.12654421999408e-07	0.265161190971007	0.306	0.273	0.0239010040050162	c8	TUSC2
7.28809148975348e-07	0.273691461411898	0.321	0.288	0.0244428012383352	c8	SYNE1
7.36267177330738e-07	0.16223682098324	0.555	0.522	0.0246929285933183	c8	NDUFA6
7.45828909763234e-07	0.172617719269399	0.482	0.447	0.0250136099756394	c8	AP2S1
7.53963976651212e-07	0.215486639876153	0.41	0.373	0.0252864438489284	c8	RNASEH2B
8.30397851631022e-07	0.206685468895107	0.529	0.502	0.0278498831480012	c8	PSIP1
9.33901916697943e-07	0.216318542100182	0.474	0.449	0.0313212024822156	c8	ATRAID
9.37569786106617e-07	0.229340103155593	0.369	0.335	0.0314442154864437	c8	PSMB7
9.96095932916842e-07	0.0712955130668473	0.931	0.923	0.033407065398165	c8	CLIC1
1.03440314899365e-06	0.254287311281348	0.329	0.297	0.034691812810949	c8	DUSP11
1.10987207730341e-06	0.129738508207837	0.708	0.692	0.0372228897286017	c8	KHDRBS1
1.13813527264588e-06	0.200850060048943	0.453	0.418	0.0381707807739974	c8	MPC2
1.18002714605834e-06	0.271203427025772	0.349	0.316	0.0395757504245045	c8	STARD3
1.20787188507584e-06	0.203108611516731	0.439	0.406	0.0405096072816736	c8	TXNL1
1.22958096102912e-06	0.247066200159546	0.415	0.386	0.0412376862709947	c8	NFE2L2
1.26950156993049e-06	0.196958114229479	0.466	0.44	0.0425765436523288	c8	DGUOK
1.27821349720345e-06	0.175677540142346	0.521	0.497	0.0428687242692093	c8	PAPOLA
1.30973965785355e-06	0.31129148921275	0.302	0.272	0.0439260486450923	c8	CFDP1
1.34804593217319e-06	0.131659541016456	0.729	0.721	0.0452107644732243	c8	CDC42
1.35485329328429e-06	0.238229307248255	0.33	0.297	0.0454390697501686	c8	MITD1
1.36156587718989e-06	0.109982169680931	0.778	0.777	0.0456641963891945	c8	DAD1
