p_val	avg_log2FC	pct.1	pct.2	p_val_adj	cluster	gene
0	9.24272341204539	1	0.013	0	c16	DERL3
0	13.1374756925169	0.996	0.02	0	c16	JCHAIN
0	5.72230701325796	0.978	0.03	0	c16	CD79A
0	12.8384942198944	0.952	0.005	0	c16	IGHA1
0	12.0105337262674	0.935	0	0	c16	TNFRSF17
0	6.63090677808739	0.917	0.013	0	c16	TXNDC5
0	6.4657865266261	0.996	0.094	0	c16	MZB1
0	4.43265823066111	0.935	0.046	0	c16	EAF2
0	4.94817866828472	0.904	0.022	0	c16	POU2AF1
0	12.8319130273961	0.852	0	0	c16	SDC1
0	11.1762352413724	0.852	0.002	0	c16	IGLL5
0	13.2704826852906	0.835	0.002	0	c16	IGHA2
0	5.36303086669029	0.843	0.01	0	c16	GNG7
0	3.69945620454333	0.965	0.138	0	c16	PRDX4
0	6.16211571469495	0.822	0.004	0	c16	MEF2C
0	10.2870402988555	0.817	0.001	0	c16	LINC02362
0	2.84954878483228	0.861	0.085	0	c16	CHPF
0	9.61721689856545	0.774	0	0	c16	FCRL5
0	6.9579510483558	0.743	0.003	0	c16	CCR10
0	13.2961291671667	0.73	0.005	0	c16	IGKC
0	4.04647535778006	0.739	0.02	0	c16	CKAP4
0	2.55888065713657	0.752	0.063	0	c16	PDK1
0	4.74123656439439	0.704	0.016	0	c16	SPAG4
0	3.37595562984208	0.722	0.054	0	c16	TRIB1
0	2.84813233938863	0.726	0.059	0	c16	ELL2
0	2.79358700263311	0.683	0.049	0	c16	FNDC3B
0	2.64470532738302	0.678	0.049	0	c16	AKAP2
0	5.68506486367361	0.63	0.004	0	c16	CLIC4
0	6.28733204807989	0.613	0.002	0	c16	BLNK
0	3.6085151062451	0.622	0.017	0	c16	C16orf74
0	5.38699361964337	0.604	0.005	0	c16	CPNE5
0	4.63466169073332	0.6	0.009	0	c16	TNFRSF13B
0	2.67230339145403	0.604	0.038	0	c16	AC078883.1
0	10.8914516121764	0.552	0	0	c16	AC104699.1
0	2.71882895159563	0.57	0.028	0	c16	WNT10A
0	11.7239806034939	0.539	0	0	c16	AC012236.1
0	13.2088671796565	0.53	0.003	0	c16	IGLV3-1
0	12.5662931239056	0.522	0.001	0	c16	IGLC2
0	8.34833945256186	0.513	0	0	c16	PNOC
0	5.06377919925914	0.504	0.01	0	c16	PYCR1
0	4.68177571653092	0.496	0.004	0	c16	TCF4
0	3.52339996720594	0.5	0.016	0	c16	RASGRP3
0	10.0428531568466	0.483	0	0	c16	SCNN1B
0	8.81328574437305	0.474	0	0	c16	PARM1
0	3.77785042013317	0.483	0.013	0	c16	PDIA5
0	14.2208345075204	0.47	0.001	0	c16	IGLV6-57
0	13.8764531257023	0.465	0.006	0	c16	IGKV4-1
0	4.16523481319981	0.461	0.007	0	c16	PIP5K1B
0	3.28637605502668	0.461	0.015	0	c16	RALGPS2
0	3.91178040934705	0.448	0.008	0	c16	GAS6
0	4.61200454918614	0.443	0.005	0	c16	LMTK3
0	3.80243234663083	0.443	0.01	0	c16	SEMA4A
0	8.58485510263115	0.426	0	0	c16	P2RX1
0	4.60248554837457	0.43	0.005	0	c16	SH2B2
0	5.08992795620348	0.426	0.004	0	c16	CSF2RB
0	4.4680284025267	0.422	0.007	0	c16	CERCAM
0	6.51435451804804	0.417	0.003	0	c16	AC007569.1
0	4.55214294788849	0.413	0.003	0	c16	IGF1
0	5.01208475360287	0.404	0.004	0	c16	TSPAN13
0	4.43430953624192	0.404	0.005	0	c16	HID1
0	3.97294759495179	0.404	0.008	0	c16	GPR160
0	4.6851719688843	0.404	0.008	0	c16	ABCB9
0	7.06700877357413	0.396	0.001	0	c16	MEF2B
0	4.40304608066852	0.396	0.004	0	c16	CHST15
0	3.58884194536404	0.409	0.019	0	c16	LINC01480
0	5.07457338328178	0.391	0.003	0	c16	BASP1
0	4.18708529724214	0.396	0.008	0	c16	SLC17A9
0	10.3167704947627	0.383	0	0	c16	ITGA8
0	5.79549426581661	0.383	0.002	0	c16	DOK3
0	2.91498683190124	0.396	0.016	0	c16	LINC02384
0	14.1189192465393	0.378	0	0	c16	AMPD1
0	3.23249299081463	0.365	0.004	0	c16	MARCKS
0	9.20845754862878	0.357	0	0	c16	KCNN3
0	4.56482896570755	0.357	0.003	0	c16	SYK
0	4.18540310107775	0.357	0.003	0	c16	ALDH2
0	9.44338052419003	0.352	0	0	c16	PKHD1L1
0	3.22811130358421	0.365	0.013	0	c16	BRSK1
0	3.33940354965005	0.357	0.006	0	c16	FCGR2B
0	8.35258081151551	0.348	0	0	c16	MIXL1
0	7.94736833675321	0.348	0	0	c16	DENND5B
0	2.74471026541198	0.361	0.017	0	c16	TRAM2
0	4.23035724972947	0.348	0.004	0	c16	CDK14
0	4.36436509342588	0.348	0.004	0	c16	ALOX5
0	5.79559635078099	0.335	0.005	0	c16	JSRP1
0	5.10676332796366	0.326	0.003	0	c16	B9D1
0	4.0395721875492	0.326	0.006	0	c16	C19orf38
0	4.36624995642108	0.322	0.004	0	c16	PIK3CD-AS2
0	5.37857583864514	0.313	0.002	0	c16	COL9A3
0	3.70682408756241	0.313	0.006	0	c16	E2F5
0	3.27153045543739	0.309	0.004	0	c16	CAV1
0	6.02480113069639	0.304	0.001	0	c16	AC106897.1
0	7.53582570635308	0.3	0	0	c16	GAB1
0	6.34046078886095	0.309	0.011	0	c16	IGKV3OR2-268
0	4.53115067427957	0.3	0.003	0	c16	CLMN
0	2.16988104153088	0.304	0.008	0	c16	PLTP
1.20771440963838e-307	2.45302815958825	0.657	0.055	4.05043258704521e-303	c16	SPATS2
4.85659587639312e-300	2.38491595021267	0.313	0.013	1.62880512502472e-295	c16	WFS1
3.3927234571068e-268	2.02926281231152	0.417	0.026	1.13785159304448e-263	c16	METTL7A
4.80158674591438e-266	2.08392263627501	0.361	0.02	1.61035616284476e-261	c16	CD40
1.09058703095714e-258	1.88708774117163	0.587	0.051	3.65761078442406e-254	c16	LY96
5.3228077239044e-255	2.77345166598625	0.848	0.11	1.78516325444306e-250	c16	RRBP1
1.72407463911172e-216	2.55815643148927	0.43	0.034	5.7822015246529e-212	c16	CXorf21
2.85106299454424e-203	2.0705029985945	0.8	0.11	9.56189507110248e-199	c16	UAP1
9.37104043936567e-191	1.77801188055598	0.639	0.077	3.14285954255446e-186	c16	CTSH
4.972937213873e-190	2.13914757659486	0.304	0.02	1.66782368278873e-185	c16	PAIP2B
3.19821476802385e-187	1.70749141695885	0.717	0.095	1.07261726889984e-182	c16	SIL1
5.69042675667139e-187	1.58723489697689	0.67	0.084	1.90845532565245e-182	c16	C11orf24
3.95796323644832e-185	1.29306281957122	0.517	0.053	1.32742171024004e-180	c16	SCARB2
1.81526610819153e-183	2.13511938482695	0.591	0.07	6.08803947365276e-179	c16	RAB30
3.54207636404665e-181	2.24465179510476	0.335	0.025	1.18794157097397e-176	c16	PTCH2
1.24467836371603e-180	1.10399283166747	0.535	0.058	4.17440229623082e-176	c16	CXXC5
1.82691086806152e-178	2.11901723212958	0.904	0.161	6.12709366930472e-174	c16	PLPP5
1.36029913031544e-177	1.46494269829906	0.309	0.022	4.56217122325191e-173	c16	SYNGR1
5.0583237276664e-176	1.69200982586258	0.352	0.028	1.69646061178476e-171	c16	ADAM28
7.41484720675941e-175	1.49973668153495	0.583	0.07	2.48679145620297e-170	c16	CLPTM1L
2.04537556759881e-171	1.59069983024092	0.665	0.089	6.8597805786129e-167	c16	TSPAN3
9.26244928128256e-169	2.07359831617163	0.317	0.024	3.10644023995655e-164	c16	QPCT
1.99364494467404e-167	1.62066768269602	0.835	0.134	6.6862864154478e-163	c16	NANS
6.43705769569046e-165	2.67599070677143	0.983	0.309	2.15886040998067e-160	c16	UBE2J1
1.27265149572021e-161	1.44754871412237	0.613	0.08	4.26821858634645e-157	c16	WIPI1
4.80852639866944e-157	0.722859386587224	0.643	0.088	1.61268358358576e-152	c16	FCGRT
1.46957844958281e-155	1.28139504384932	0.539	0.066	4.92867220421083e-151	c16	FAM69A
2.13612007961737e-154	1.42488735976375	0.626	0.086	7.16411952302073e-150	c16	MANEA
3.87454594279384e-152	1.35332394477939	0.604	0.082	1.2994452182942e-147	c16	SLC1A4
3.37089152547298e-150	1.85551058832992	0.313	0.026	1.13052959981313e-145	c16	STAP1
6.87453430454979e-150	2.92680447545083	1	0.858	2.30558131505991e-145	c16	SSR4
8.79245323534616e-146	2.55387378005462	0.391	0.041	2.94881296607039e-141	c16	PHGDH
1.90438286890903e-145	2.69138749809643	0.978	0.415	6.38691926574711e-141	c16	SEC11C
4.36348845108967e-144	1.94557879262285	0.552	0.075	1.46342675672645e-139	c16	ITGA6
3.42437522967348e-143	1.10549311444178	0.439	0.049	1.14846696452789e-138	c16	MAGEF1
2.2909737016106e-142	0.849579979907991	0.517	0.065	7.68346760046164e-138	c16	IFNGR2
4.25784186789507e-142	1.04927232377557	0.6	0.084	1.42799500565465e-137	c16	HYI
2.55467958750638e-141	3.0089589239537	0.991	0.482	8.5678844005789e-137	c16	HERPUD1
9.45536696140812e-141	1.12151881200142	0.43	0.048	3.17114097151706e-136	c16	PGM3
9.49569341681652e-141	1.50383333692421	0.387	0.04	3.18466565813193e-136	c16	C11orf80
2.41833753770564e-139	1.37921518815115	0.409	0.045	8.11062043395717e-135	c16	PDLIM1
4.6488757142481e-138	1.83757318470484	0.865	0.173	1.55913993704453e-133	c16	TXNDC11
5.81885460914046e-136	1.16391142119817	0.543	0.074	1.95152745881353e-131	c16	SLC25A4
1.53172401859476e-133	1.39222507417247	0.726	0.123	5.13709601356309e-129	c16	SYVN1
1.09465829161821e-127	1.71425392659195	0.37	0.04	3.67126497842914e-123	c16	Z93241.1
2.40863278816373e-127	2.69633818528264	0.991	0.503	8.07807264494353e-123	c16	XBP1
4.72604687197133e-127	1.11919657522572	0.587	0.088	1.58502159992174e-122	c16	SLC44A1
3.56210576083052e-123	1.41220167217044	0.335	0.035	1.19465903006734e-118	c16	FICD
1.21827556411915e-122	1.22877261332925	0.583	0.09	4.08585258694282e-118	c16	ERGIC1
1.11474583979479e-119	1.32659635983016	0.326	0.034	3.73863459750378e-115	c16	AC245014.3
2.24193804819138e-119	1.08343254880152	0.726	0.13	7.51901182602426e-115	c16	TMEM205
2.04968501941709e-118	1.14310692165576	0.639	0.108	6.87423361812104e-114	c16	C12orf45
2.58197116379791e-118	1.89517158109332	0.952	0.25	8.65941488914542e-114	c16	CRELD2
4.10161402068101e-118	1.2769488991125	0.365	0.042	1.375599310256e-113	c16	LARP1B
1.87687324248246e-114	1.20575707020346	0.796	0.156	6.29465748063766e-110	c16	ZBP1
5.51787032846099e-112	0.956570613515863	0.5	0.074	1.85058335075925e-107	c16	RCN1
3.89849262948918e-111	0.656009047790407	0.626	0.106	1.30747645807808e-106	c16	CD79B
3.04655373136976e-110	1.28580349440103	0.696	0.131	1.02175319042679e-105	c16	GMPPB
1.49265907789138e-109	1.02900939344514	0.509	0.078	5.0060800154321e-105	c16	PLCG2
6.10406104485672e-109	1.41927645492107	0.857	0.187	2.04717999322405e-104	c16	SEL1L3
6.49987479147811e-109	1.2738850202511	0.309	0.033	2.17992800756593e-104	c16	ALG14
1.44039355187417e-107	1.98395391103724	0.974	0.432	4.8307918942756e-103	c16	FKBP2
2.85060092432648e-107	0.847698659360777	0.535	0.085	9.56034538000616e-103	c16	MCEE
1.18543464577288e-105	2.28939502806731	0.996	0.688	3.97571071499309e-101	c16	HSP90B1
7.91632874225569e-105	1.25867935088281	0.817	0.176	2.65497833357771e-100	c16	ARSA
1.83916239415911e-101	1.31636533565469	0.313	0.036	6.16818283753082e-97	c16	CLCC1
2.29447882826613e-101	0.887691106095887	0.696	0.134	7.69522309423893e-97	c16	HSD17B8
6.54541432002203e-97	1.96809104165431	0.978	0.485	2.19520105464899e-92	c16	FKBP11
8.69196900343743e-94	1.04611231268969	0.726	0.153	2.91511256437284e-89	c16	BSCL2
6.01745412942772e-93	0.667428006092387	0.452	0.072	2.01813376592747e-88	c16	CTSZ
1.31056499847439e-92	0.872859448476288	0.587	0.109	4.3953728918834e-88	c16	AARS
4.83447132974315e-92	1.94031876500815	0.943	0.338	1.62138499456926e-87	c16	PDIA4
8.80635252236516e-92	0.92059686648	0.652	0.13	2.95347450895083e-87	c16	HSPA13
1.33634399357424e-91	1.80755393141628	0.961	0.463	4.48183048564929e-87	c16	SSR3
4.97451399640124e-91	0.825875838694776	0.539	0.097	1.66835250411305e-86	c16	FUCA2
3.99600900848562e-90	1.58934994735967	0.313	0.04	1.34018150126591e-85	c16	GGH
1.052766497457e-89	0.750153635392987	0.63	0.124	3.53076827917129e-85	c16	CREB3L2
1.71270868063518e-89	0.929035124875992	0.696	0.146	5.74408237311427e-85	c16	ST6GALNAC4
2.29496554361449e-89	0.939430091767963	0.452	0.074	7.69685544017429e-85	c16	SCPEP1
2.30020089985529e-88	1.17484131525357	0.317	0.041	7.71441377793468e-84	c16	CSNK1E
3.02321492866843e-88	0.784148958731576	0.457	0.075	1.01392582277682e-83	c16	AIG1
3.49677709026843e-88	1.38425206378964	0.822	0.2	1.17274910053423e-83	c16	SEL1L
5.96111561136965e-87	1.04427076618355	0.87	0.213	1.99923895374115e-82	c16	SLAMF7
1.35142493374696e-86	0.87923944730914	0.313	0.041	4.53240894280054e-82	c16	SPATC1L
1.44223260900017e-86	0.70371323639495	0.491	0.086	4.83695972406477e-82	c16	B4GALT7
2.63723420176098e-85	1.07625275107742	0.5	0.091	8.84475606586598e-81	c16	SLC38A5
5.34762708945347e-85	0.68975824526864	0.417	0.067	1.79348717326091e-80	c16	TMEM19
1.02482698821301e-84	0.664038308758115	0.657	0.138	3.4370647530688e-80	c16	GRN
1.1487847578298e-83	0.602379599835337	0.513	0.094	3.8527943208096e-79	c16	CCDC50
1.2824559047425e-83	0.781387701284964	0.704	0.153	4.3011006133254e-79	c16	FNDC3A
2.0778823791858e-83	0.567169359416203	0.474	0.083	6.96880192331335e-79	c16	UNC93B1
1.18877776989319e-82	1.03977700785138	0.822	0.199	3.98692288466777e-78	c16	SRPRB
5.63109995117871e-82	0.972436918945774	0.417	0.069	1.88855830162631e-77	c16	EIF2AK3
5.74613958819836e-81	1.17070350136886	0.874	0.227	1.92714029508996e-76	c16	TPD52
9.98176804408574e-81	1.59742797093908	0.943	0.306	3.34768536662548e-76	c16	MANF
1.00617242056313e-78	1.01133755085201	0.77	0.187	3.37450106408463e-74	c16	ALG5
3.21333471913433e-77	1.68564820492805	0.948	0.367	1.07768819810327e-72	c16	SDF2L1
3.26705709241375e-77	0.950376983606384	0.739	0.177	1.09570560765372e-72	c16	HSH2D
4.73545349705182e-77	1.55572941415652	0.396	0.068	1.58817639384124e-72	c16	PSAT1
8.89428922825394e-77	1.14667137602582	0.835	0.217	2.98296672137181e-72	c16	CCPG1
1.16029416257909e-76	1.57510625794495	0.913	0.291	3.89139456245775e-72	c16	PABPC4
1.97926172144861e-76	0.472999499453271	0.496	0.094	6.63804796139436e-72	c16	FAM174A
5.66773814203741e-76	0.880105936130154	0.809	0.202	1.90084601807651e-71	c16	MEI1
7.32582378459405e-76	0.891861957682607	0.391	0.066	2.45693478087715e-71	c16	GCSH
1.61146455349816e-75	0.539212390606352	0.67	0.148	5.40452981952212e-71	c16	SPINT2
7.30479612637321e-75	1.10554212461064	0.661	0.157	2.44988252486305e-70	c16	IRF4
2.56130841783541e-74	0.864076635991511	0.7	0.165	8.59011617173638e-70	c16	CHID1
3.04559328682214e-74	0.599533409325167	0.757	0.182	1.02143107653441e-69	c16	CD59
8.17743732434633e-74	0.876779163173849	0.704	0.168	2.74254892983927e-69	c16	PDXK
1.29848922739815e-72	0.581931846844279	0.361	0.059	4.35487317084791e-68	c16	IDUA
1.28593142577084e-71	1.05815904273137	0.865	0.24	4.31275681575023e-67	c16	DNAJB11
3.26419033676443e-71	0.274248521833252	0.622	0.136	1.09474415514405e-66	c16	LSR
6.31741065559442e-71	1.11638686325233	0.365	0.062	2.11873318567326e-66	c16	HIST2H2AA4
6.79272717405449e-71	0.498463506994167	0.552	0.116	2.27814483963439e-66	c16	BCKDK
1.90824690812137e-70	0.704900345940018	0.696	0.167	6.39987848045744e-66	c16	EDEM2
1.39886308774558e-69	1.2322022716376	0.904	0.276	4.69150702368112e-65	c16	SELENOM
1.95289824080133e-69	0.442214752693342	0.552	0.118	6.54963011999951e-65	c16	IFNAR2
3.44938082559611e-69	0.7362249522688	0.3	0.045	1.15685334128842e-64	c16	NAPA-AS1
8.11042005827782e-69	1.16937856838026	0.991	0.62	2.72007267914522e-64	c16	SPCS2
1.08115758299753e-68	0.600448070301514	0.539	0.115	3.62598630185712e-64	c16	MAGED1
1.78781727969363e-68	1.37793565585935	0.926	0.342	5.9959815926365e-64	c16	SELENOS
2.31942500163154e-67	1.59929232599713	0.965	0.43	7.77888757047187e-63	c16	MYDGF
7.67626922293851e-67	0.718300898800959	0.309	0.048	2.57446717198912e-62	c16	CTSF
3.13771507956521e-66	0.413140002097644	0.53	0.114	1.05232688338458e-61	c16	SPTSSA
1.15648277995047e-65	0.485234545790915	0.543	0.119	3.87861194739788e-61	c16	YIPF2
1.84763416036605e-65	1.6339653997867	0.93	0.431	6.19659544703566e-61	c16	ITM2C
1.03212017974365e-64	0.386923819568445	0.513	0.11	3.46152465882425e-60	c16	CNPY2
1.09551333247789e-64	1.24407207244716	0.848	0.26	3.67413261446435e-60	c16	TXNDC15
2.94072944641342e-64	0.50491847839678	0.517	0.112	9.86261841738133e-60	c16	SEC24D
8.11829155954759e-63	0.625781013161194	0.704	0.18	2.72271262324107e-58	c16	SEC14L1
1.26615935301214e-62	0.514284540503791	0.557	0.127	4.2464452381321e-58	c16	COMMD3
1.26647906049485e-62	0.412215498511902	0.539	0.121	4.24751747308762e-58	c16	TMEM214
3.51621925683621e-62	0.59600098644933	0.643	0.158	1.17926961435773e-57	c16	SLC35B1
3.90188264839992e-62	0.491408200836847	0.487	0.105	1.30861340262037e-57	c16	GSTM2
5.17955720950692e-62	1.20031795805752	0.891	0.288	1.73711989692443e-57	c16	NPC2
4.69756179937749e-61	0.490954921634863	0.674	0.169	1.57546827627522e-56	c16	LAMP2
6.37837682448281e-61	0.550937905424234	0.474	0.102	2.13918001939504e-56	c16	EIF2AK4
1.67962323981499e-59	0.475068577445899	0.322	0.056	5.63312042169152e-55	c16	BTN2A2
3.03459409561606e-59	0.336232191141481	0.704	0.183	1.01774216778772e-54	c16	FAM3C
6.07649953016408e-59	0.502921492773509	0.613	0.151	2.03793641242643e-54	c16	TM9SF1
4.01831743944329e-57	0.608269025785587	0.535	0.127	1.34766330284049e-52	c16	ISOC2
1.68360701950172e-56	0.552979854338819	0.583	0.145	5.64648122200487e-52	c16	CALU
2.51671732291456e-56	0.686503693373052	0.335	0.062	8.44056655759086e-52	c16	PPCDC
3.61051766160235e-56	0.373909419471515	0.348	0.066	1.2108954133482e-51	c16	PINK1
5.16763869659094e-56	1.13733232900202	0.887	0.303	1.73312266606267e-51	c16	HDLBP
1.52981002459335e-55	0.857017881797847	0.557	0.143	5.13067686048117e-51	c16	RHOB
2.74147032363735e-55	0.333666721140526	0.517	0.122	9.19434317141494e-51	c16	TMEM39A
4.20597066902242e-55	0.463456853268057	0.496	0.116	1.41059844297674e-50	c16	FBXW7
4.6640889061169e-55	0.512193945913499	0.322	0.059	1.56424213733349e-50	c16	CFL2
7.74718536675007e-55	0.298239972385919	0.526	0.125	2.59825102830064e-50	c16	GMPPA
3.43400755379172e-54	0.3725834753614	0.33	0.062	1.15169745339067e-49	c16	TCEAL3
7.75514361170735e-53	1.10310764592404	0.878	0.308	2.60092006449441e-48	c16	ERLEC1
2.91089054215486e-52	0.237691945923675	0.478	0.111	9.76254470027898e-48	c16	NME4
1.78111324805673e-51	0.243511337964605	0.404	0.088	5.97349761133265e-47	c16	STRBP
2.09073285670505e-51	0.824825830379323	0.804	0.248	7.0118998548174e-47	c16	TMEM208
1.37929385091563e-50	0.0979793655018706	0.487	0.116	4.62587571720083e-46	c16	C11orf1
2.74021118072846e-50	0.54240484700371	0.439	0.102	9.19012025792712e-46	c16	HIST1H2BK
3.47268670356238e-50	1.02087361664406	0.983	0.74	1.16466966664075e-45	c16	SPCS1
9.13367530736135e-50	0.656634131085812	0.552	0.146	3.06325202458285e-45	c16	TMEM107
2.43475566714739e-49	0.610173399515773	0.678	0.196	8.16568355647893e-45	c16	SLC1A5
3.16707117122212e-49	0.228235408574875	0.457	0.108	1.06217232940448e-44	c16	KLHL6
2.32915045641727e-48	0.435259245200891	0.77	0.23	7.81150480073225e-44	c16	LMO4
7.50556522872291e-48	0.563271096618882	0.565	0.152	2.51721646640909e-43	c16	HYOU1
1.21047471829392e-47	0.268574026705836	0.635	0.175	4.05969011021416e-43	c16	ORAI2
2.23867151068097e-47	1.43971551983118	0.683	0.227	7.50805651252182e-43	c16	ANKRD37
3.2596614038888e-47	0.596387698637325	0.357	0.077	1.09322524163623e-42	c16	ASNS
4.98614121699813e-47	0.263264743219428	0.683	0.195	1.67225204135683e-42	c16	TAPBPL
6.89324814355969e-47	0.601684681408283	0.478	0.122	2.31185756238705e-42	c16	EDEM1
9.58613379759175e-47	0.221900786835277	0.561	0.149	3.21499755303632e-42	c16	MCUR1
3.86317266878451e-46	0.507635731297491	0.317	0.065	1.29563084965695e-41	c16	TBL2
6.73165465779372e-46	0.385702248207128	0.657	0.188	2.25766233913086e-41	c16	STT3A
1.19294955974198e-45	0.477946915686774	0.317	0.066	4.00091423346266e-41	c16	G6PC3
1.21220197277297e-45	0.0890397738778457	0.604	0.165	4.06548297628598e-41	c16	NDUFV3
1.41078931244784e-45	1.05968266748188	0.922	0.351	4.73150519608756e-41	c16	LMAN1
1.91548728936054e-45	0.0903738014649691	0.574	0.155	6.42416127105737e-41	c16	ALG2
1.98933839990184e-45	0.679257786666495	0.83	0.268	6.67184312559079e-41	c16	DNAJC3
1.37935402370168e-44	0.17768590584129	0.691	0.2	4.62607752469068e-40	c16	MARS
1.5330577525146e-44	1.03155009439377	0.443	0.115	5.14156909038347e-40	c16	HIST1H2AC
4.28279489696903e-44	0.148261784885138	0.687	0.199	1.43636375254547e-39	c16	MRPL40
5.42641703847565e-44	0.113644960833136	0.491	0.128	1.81991174636396e-39	c16	ODF3B
2.30494583104546e-43	0.0670543556940904	0.474	0.122	7.73032732816027e-39	c16	CREB3
3.16912471797258e-43	0.200256690093599	0.504	0.134	1.06286104791365e-38	c16	FBH1
4.72595913915063e-43	0.314855140353753	0.365	0.084	1.58499217608834e-38	c16	DENND6B
9.88685179857459e-43	0.104479928960885	0.426	0.106	3.31585235620594e-38	c16	C21orf2
1.25838839795527e-42	1.29680589542928	0.565	0.168	4.22038300906239e-38	c16	WARS
3.9512874156487e-42	0.276557826960765	0.383	0.091	1.32518277346026e-37	c16	CLN6
3.97502280763737e-42	0.193973804275934	0.374	0.088	1.33314314922542e-37	c16	BMI1
1.47101463097725e-40	0.355933991146053	0.661	0.203	4.93348886937149e-36	c16	ADA2
5.17033549646797e-40	0.291717558726611	0.4	0.101	1.73402711880543e-35	c16	HSCB
1.57152794700088e-39	0.141467672564402	0.387	0.096	5.27059042865154e-35	c16	TUBG1
1.91061203001138e-39	1.00313571692222	0.978	0.582	6.40781062625218e-35	c16	PDIA6
6.86853510422893e-39	0.177219936866534	0.565	0.166	2.3035693032563e-34	c16	GLCCI1
7.5012511471799e-39	0.0822541016470186	0.496	0.138	2.5157696097412e-34	c16	IQCB1
1.75457033590101e-38	0.162136047529678	0.648	0.198	5.88447799254481e-34	c16	GLT8D1
2.75673788942466e-38	0.858541153231267	0.891	0.363	9.24554753355241e-34	c16	DNAJB9
4.99143599673562e-38	0.155403403778873	0.678	0.21	1.67402780458519e-33	c16	ARMCX3
1.02222670610832e-37	0.27535567673798	0.622	0.192	3.42834392694607e-33	c16	GNL3
1.03071427708183e-37	0.154305826865803	0.726	0.229	3.45680954247706e-33	c16	SLC38A10
1.40704769567176e-37	0.0800637682356373	0.3	0.067	4.71895656174395e-33	c16	ATG4A
1.48954111979859e-37	0.949152969655612	0.948	0.438	4.99562300758049e-33	c16	SPCS3
2.44160337694214e-37	0.120604856224547	0.37	0.093	8.18864940558854e-33	c16	FAM117A
4.54560043538216e-37	0.971356380142642	0.939	0.413	1.52450347401847e-32	c16	KDELR2
5.21097239315395e-37	0.115605742412568	0.57	0.17	1.74765592121597e-32	c16	MBNL2
5.57265775742007e-37	0.0221267077077965	0.57	0.169	1.86895795868354e-32	c16	SLC39A7
5.81047511789319e-37	0.0969228998258411	0.343	0.084	1.94871714503902e-32	c16	DEF8
7.67277176834048e-37	0.180747740006599	0.557	0.166	2.57329419566603e-32	c16	DUSP22
9.33458859722264e-37	0.277135784609215	0.743	0.241	3.13063432373653e-32	c16	HEXB
9.87298930132779e-37	1.05314120858678	0.709	0.286	3.31120315187931e-32	c16	TIMP1
1.91278490228271e-36	1.55106663051419	0.326	0.082	6.41509800527574e-32	c16	ATF5
2.79553152439433e-36	0.270941215166021	0.774	0.255	9.37565362651369e-32	c16	ATOX1
1.79290749006579e-35	0.11448936445064	0.517	0.153	6.01305314018266e-31	c16	UBA5
2.02566068927061e-35	0.234838330721659	0.652	0.208	6.79366081967579e-31	c16	TOR3A
3.97153502742265e-35	0.660823553201439	0.322	0.08	1.33197341749701e-30	c16	IFI27L1
5.8564179111464e-35	0.0168810698605155	0.557	0.169	1.96412543904028e-30	c16	NAGK
1.81180045176277e-34	0.109374359090582	0.535	0.162	6.07641635512196e-30	c16	ZNF593
4.5689857449049e-34	0.487703458309926	0.848	0.302	1.5323464391262e-29	c16	AKR1A1
1.7142258397829e-33	0.0248085960649129	0.648	0.211	5.7491706214639e-29	c16	ANKRD28
1.90820386872741e-33	0.0316618975387424	0.691	0.225	6.39973413493798e-29	c16	IFNAR1
2.0185689768371e-32	0.395731126647425	0.322	0.083	6.76987663451625e-28	c16	NBPF14
2.76772550033952e-32	0.058227728433476	0.713	0.237	9.2823977830387e-28	c16	ARFGAP3
5.77119835979577e-32	0.0408111933185393	0.717	0.237	1.93554450590831e-27	c16	DCPS
1.30275320943182e-31	0.834539180172656	0.93	0.471	4.36917371379245e-27	c16	KDELR1
1.34881989314684e-31	0.870806309003029	0.943	0.47	4.52367215763589e-27	c16	HM13
5.12733783786325e-31	0.44811831283124	0.878	0.323	1.71960656406258e-26	c16	SEC61A1
5.86544632730758e-31	0.0551788928295929	0.652	0.217	1.96715338925242e-26	c16	WDR45
1.16872668897817e-30	0.707967104630592	0.97	0.754	3.919675569495e-26	c16	SEC61B
7.63976526832493e-30	0.82032047931896	0.957	0.556	2.56222447569081e-25	c16	RPN1
4.22045516245114e-29	0.129639168336741	0.622	0.209	1.41545625238286e-24	c16	ARL1
9.9243962161303e-29	0.0490090292450591	0.4	0.12	3.32844400296578e-24	c16	TP53INP1
3.12959812751924e-28	0.257132153724857	0.778	0.282	1.0496046200074e-23	c16	B4GALT3
7.06138129600963e-28	0.312056562408414	0.813	0.301	2.36824605905571e-23	c16	CISD2
1.65125038903407e-27	0.183508297791734	0.539	0.184	5.53796355474246e-23	c16	TIFA
5.15967345588479e-27	0.233877169885153	0.717	0.262	1.73045128363464e-22	c16	GLRX
3.60534584942164e-26	0.173717889226077	0.657	0.236	1.20916089097903e-21	c16	LRRC59
7.660401265083e-26	0.167925638483729	0.826	0.309	2.56914537628354e-21	c16	DNAJC4
3.3138615642176e-24	0.270081997426519	0.691	0.263	1.1114028914073e-19	c16	SHMT2
8.88309789152211e-24	0.68075396085568	0.93	0.475	2.97921337085868e-19	c16	ERGIC3
1.05219447090632e-22	0.0929232038959715	0.657	0.248	3.52884981652561e-18	c16	DPM3
1.10425199012094e-22	0.00792776045484211	0.717	0.271	3.7034403244676e-18	c16	YIF1A
1.33385629089056e-22	0.150134946753163	0.913	0.421	4.47348722838876e-18	c16	LGALS1
7.45589653229705e-22	0.474307025594948	0.87	0.373	2.50055857900178e-17	c16	SRM
5.24476179477167e-21	0.323709943590008	0.817	0.349	1.75898821073052e-16	c16	DNAJC1
6.52161309273347e-21	0.892073517987021	0.983	0.687	2.18721859904095e-16	c16	HSPA5
6.41965859595389e-20	0.308060863356658	0.87	0.373	2.15302509991102e-15	c16	OS9
2.57705677393529e-19	0.653101403302039	0.948	0.535	8.64293300842417e-15	c16	RPN2
2.72838970943604e-19	0.466090766910189	0.952	0.82	9.1504734075066e-15	c16	JUN
4.55611129452648e-19	0.026851641745282	0.843	0.482	1.52802860595829e-14	c16	HSPA1B
1.12143806668166e-18	0.270899116091909	0.739	0.339	3.76107898803695e-14	c16	DUSP5
1.5989100138716e-18	0.158022938851318	0.448	0.174	5.36242440452257e-14	c16	HIST1H1C
2.29603172011889e-18	0.614458131308997	0.991	0.905	7.70043118293472e-14	c16	PPIB
3.8983772360979e-18	0.563726945681118	0.974	0.725	1.30743775744251e-13	c16	TMEM258
4.52863951669231e-18	0.23896570066658	0.361	0.132	1.51881512110827e-13	c16	DNAJB4
5.51765525144178e-18	0.363551288544304	0.409	0.16	1.85051121822854e-13	c16	GLA
1.03361100196955e-17	0.00460884233798936	0.835	0.342	3.46652457840546e-13	c16	ICAM2
1.05031726817101e-17	0.123553601711075	0.504	0.206	3.52255405399192e-13	c16	CDKN1A
1.11146008784988e-17	0.491238819769341	0.904	0.504	3.72761484263091e-13	c16	PIM2
1.48703160375113e-17	0.567840294401496	0.926	0.471	4.98720659266053e-13	c16	TMED9
7.39581456454643e-16	0.0229803830123061	0.774	0.326	2.48040828865758e-11	c16	SMARCB1
1.13421310969789e-15	0.0586331393530746	0.843	0.363	3.80392392730478e-11	c16	ACADVL
9.38356956068263e-15	0.0420596497878689	1	0.895	3.14706155926174e-10	c16	CD74
1.70436105315795e-14	0.23540565091148	0.843	0.41	5.71608610008114e-10	c16	NUCB2
4.24512613356437e-14	0.483187660313869	0.974	0.634	1.42373040267482e-09	c16	GSTP1
4.92770091975223e-13	0.192155135421869	0.943	0.505	1.6526523344665e-08	c16	CD63
5.29711618729541e-13	0.487530148943776	0.957	0.576	1.77654682689514e-08	c16	LMAN2
1.44793664910692e-12	0.0281987736127765	0.848	0.385	4.8560899337748e-08	c16	UFM1
3.54944950412963e-12	0.128173553784841	0.73	0.502	1.190414374695e-07	c16	HSPA1A
5.8375209515033e-12	0.204023247109659	0.948	0.518	1.95778777671518e-07	c16	TENT5C
7.63931813509101e-12	0.453841674297237	0.978	0.786	2.56207451614682e-07	c16	KRTCAP2
9.83408616552437e-12	0.271052187373089	0.891	0.457	3.29815581819356e-07	c16	ARF4
3.48918611345093e-10	0.00761544157215305	0.848	0.394	1.17020323872917e-05	c16	SEC13
5.6633017693813e-10	0.380000363804482	0.943	0.564	1.8993581474151e-05	c16	DDOST
6.05918465568269e-10	0.395261662796728	0.97	0.737	2.03212934982286e-05	c16	TMEM59
6.39293910256072e-10	0.262572477625126	0.939	0.583	2.14406391621681e-05	c16	PSAP
1.09296429312986e-09	0.27112639538802	0.97	0.587	3.66558364629893e-05	c16	TRAM1
1.69090352707981e-08	0.352970294049171	0.978	0.818	0.000567095224912027	c16	SERP1
2.20917036113814e-08	0.283121782882372	0.939	0.589	0.000740911555718508	c16	SEC62
3.11737532875381e-08	0.245974066130958	0.948	0.57	0.00104550533775745	c16	TMED10
3.98444033280507e-08	0.30029973797524	0.917	0.526	0.00133630159881617	c16	OSTC
8.85327996106501e-08	0.35350784292563	0.974	0.667	0.00296921303334198	c16	RABAC1
6.56652667777451e-07	0.21387646497866	0.978	0.681	0.0220228171719201	c16	NME2
