p_val	avg_log2FC	pct.1	pct.2	p_val_adj	cluster	gene
0	3.69517058905352	0.952	0.167	0	c5	GZMK
0	2.13453343635045	0.942	0.396	0	c5	CCL4
0	0.526656416028577	0.945	0.468	0	c5	GZMA
0	1.26714174916786	0.863	0.411	0	c5	CD8A
0	1.8956545017698	0.971	0.525	0	c5	NKG7
0	1.88847953863697	0.754	0.311	0	c5	HLA-DPB1
0	1.71773724267346	0.748	0.31	0	c5	HLA-DRB1
0	3.90526885417162	0.489	0.055	0	c5	EOMES
0	3.19598422718885	0.531	0.098	0	c5	PLEK
0	1.36964178228481	0.787	0.359	0	c5	CD8B
0	2.55771155854809	0.594	0.171	0	c5	GZMH
0	1.7324327527971	0.789	0.375	0	c5	HLA-DPA1
0	2.50275898475758	0.579	0.181	0	c5	CCL4L2
0	2.5428432041219	0.547	0.18	0	c5	KLRG1
0	2.34605689735067	0.53	0.167	0	c5	SAMD3
0	1.50542251633248	0.779	0.433	0	c5	CTSW
0	1.89671479280773	0.697	0.356	0	c5	SH2D1A
0	1.60425756200049	0.728	0.43	0	c5	APOBEC3G
0	2.05905250658097	0.54	0.244	0	c5	TNFSF9
0	2.44533289555976	0.405	0.11	0	c5	CRTAM
0	1.44145509904867	0.465	0.186	0	c5	XCL2
0	1.64406091793928	0.554	0.276	0	c5	IFNG
0	2.47797276724613	0.518	0.25	0	c5	CMC1
0	1.28820746256048	0.867	0.602	0	c5	ITGB2
0	2.48068300606581	0.346	0.087	0	c5	HLA-DQA1
0	0.692327866365676	0.994	0.739	0	c5	CCL5
0	1.87379403185784	0.986	0.736	0	c5	CST7
0	0.939504154156573	0.715	0.486	0	c5	PRF1
0	1.25127388853452	0.51	0.282	0	c5	AOAH
0	2.39247330460695	0.332	0.106	0	c5	HLA-DRB5
0	2.03557050460569	0.339	0.113	0	c5	CCL3
0	1.88410761016027	0.377	0.151	0	c5	HLA-DQB1
0	1.18299677875074	0.657	0.435	0	c5	LITAF
0	1.80957953866606	0.411	0.191	0	c5	LYST
0	1.26210310954903	0.845	0.629	0	c5	GZMM
0	1.54229187646663	0.407	0.204	0	c5	SLAMF7
0	1.36827827592728	0.567	0.371	0	c5	APMAP
0	0.828339992253424	0.746	0.555	0	c5	CD27
0	1.83091116163587	0.315	0.133	0	c5	OASL
0	1.1484530688545	0.899	0.754	0	c5	DUSP2
0	1.26071876315788	0.985	0.89	0	c5	CD74
0	0.715078062290943	0.974	0.91	0	c5	HCST
0	0.438948540124513	0.982	0.968	0	c5	CYBA
0	0.425383300895769	0.993	0.981	0	c5	PTPRCAP
0	0.450581316333639	0.988	0.979	0	c5	PTPRC
0	0.385684410355712	0.997	0.993	0	c5	HLA-E
0	0.350707404848035	1	0.998	0	c5	RPS27
0	0.561257646119121	1	0.998	0	c5	HLA-C
0	0.55679934494119	1	0.999	0	c5	HLA-A
0	0.53641171463283	1	0.999	0	c5	HLA-B
0	0.324516858398317	1	1	0	c5	B2M
4.65402188668508e-302	0.75206881364397	0.879	0.807	1.56086586035644e-297	c5	TAGAP
2.08397138217868e-294	1.52812965586214	0.377	0.196	6.98922322155085e-290	c5	HLA-DMA
1.16568104524666e-285	1.19680790290102	0.387	0.188	3.90946108954826e-281	c5	HLA-DRA
3.6441211300272e-281	0.865246347702094	0.674	0.494	1.22216534458852e-276	c5	MT2A
3.77139560328681e-272	0.959453487969604	0.62	0.482	1.26485065743033e-267	c5	ARPC5L
2.88653082338523e-263	0.471199547194221	0.95	0.909	9.6808470754694e-259	c5	CD99
4.74267510998174e-234	1.37039551701345	0.357	0.196	1.59059837838568e-229	c5	F2R
4.16200317931711e-233	0.640847970686757	0.789	0.7	1.39585262627937e-228	c5	CTSC
1.64188782920496e-228	0.427469852609807	0.934	0.89	5.50656340158759e-224	c5	RARRES3
1.11545227901644e-224	0.719538320688539	0.571	0.373	3.74100385336532e-220	c5	TIGIT
1.185855799568e-208	0.917890926898234	0.378	0.209	3.97712318059115e-204	c5	FABP5
4.64572817898669e-206	1.3763554581515	0.3	0.153	1.55808431666856e-201	c5	PECAM1
1.04235433149801e-199	0.479833629166941	0.903	0.839	3.49584795697802e-195	c5	PSMB9
1.56844703283999e-196	1.10519026631041	0.428	0.271	5.26025765873877e-192	c5	LINC00861
1.28220213503774e-191	0.622696539983571	0.761	0.7	4.30024952048956e-187	c5	HLA-F
1.8915107922634e-190	0.56766326202188	0.571	0.401	6.34374889509299e-186	c5	LAG3
4.77447544565901e-184	0.505155874097998	0.84	0.755	1.60126357496512e-179	c5	GIMAP4
5.3419827585546e-183	0.219189072799765	0.999	0.995	1.79159417756404e-178	c5	RPL23A
4.75026666689618e-181	0.463908093762044	0.886	0.835	1.59314443474364e-176	c5	STK17A
9.90890185609208e-171	1.24771867748953	0.348	0.215	3.32324750449616e-166	c5	PLA2G16
4.58311976496644e-169	0.758416200576958	0.434	0.265	1.53708670677444e-164	c5	KLF2
3.88674182407954e-168	0.474794422434483	0.887	0.773	1.3035354729598e-163	c5	CXCR4
7.33672854242876e-166	0.977612805799934	0.487	0.367	2.46059201855976e-161	c5	PYHIN1
1.8438344840784e-161	0.875468882648727	0.472	0.335	6.18385209270215e-157	c5	MATK
3.2781020496068e-157	0.938336652335676	0.463	0.331	1.09940986539713e-152	c5	LYAR
1.1098978088752e-149	0.455034052392004	0.858	0.803	3.72237527140566e-145	c5	GIMAP7
1.01780503006821e-139	0.338452349101583	0.96	0.954	3.41351450984275e-135	c5	PPDPF
1.0587056833487e-138	0.268338758819502	0.988	0.983	3.55068712081488e-134	c5	ATP5F1E
1.91305663970246e-137	1.13220492443436	0.322	0.2	6.41600935823411e-133	c5	TOX
1.08041770421945e-135	0.533673110773006	0.762	0.7	3.62350489641121e-131	c5	CLEC2B
2.98108870681265e-132	0.685228839614762	0.556	0.444	9.99797530490828e-128	c5	LIME1
3.42566066716475e-125	0.413896158511291	0.827	0.788	1.14889807455371e-120	c5	SLC9A3R1
8.91761437578899e-113	0.473952625687956	0.892	0.861	2.99078950935211e-108	c5	DNAJB1
4.82578282060918e-108	0.449589623852724	0.751	0.697	1.61847104237591e-103	c5	FYN
2.39180333545497e-103	0.690183991099696	0.526	0.455	8.02163002644887e-99	c5	BTN3A2
5.47748919131238e-103	0.197111504800111	0.908	0.881	1.83704032498235e-98	c5	COTL1
7.25916712551244e-102	0.419806723509136	0.764	0.737	2.43457947055436e-97	c5	TAPBP
5.51745983534287e-101	0.182312872896317	0.995	0.991	1.85044567957729e-96	c5	RPS29
3.43680117344491e-98	0.35182453357084	0.834	0.816	1.15263437754995e-93	c5	GUK1
4.34478150281234e-98	0.327076256179637	0.978	0.958	1.4571528204132e-93	c5	IFITM1
1.64275729028009e-96	0.607399358095974	0.596	0.555	5.50947940014136e-92	c5	MBP
9.51262223532754e-96	0.537192113358142	0.637	0.548	3.19034324528415e-91	c5	AHNAK
1.70237621915908e-95	0.735437410885605	0.35	0.243	5.70942936381573e-91	c5	PDCD1
7.52130723483718e-95	0.285710635507735	0.949	0.94	2.52249602041969e-90	c5	PSME1
1.10580772441254e-92	0.80797173612302	0.441	0.363	3.70865794613479e-88	c5	TPST2
5.49933862587002e-91	0.726823525222556	0.412	0.309	1.84436818834429e-86	c5	C12orf75
1.61624310460384e-88	0.758457343856358	0.385	0.277	5.42055612422037e-84	c5	FASLG
1.06567494787066e-87	0.626481150104762	0.538	0.479	3.57406064016862e-83	c5	OPTN
1.4362457293998e-86	0.321666625348241	0.806	0.737	4.81688092726104e-82	c5	TXNIP
7.15284310665285e-84	0.736470853274834	0.466	0.398	2.39892052110923e-79	c5	NFATC2
1.07045184173682e-82	0.356537565614202	0.872	0.83	3.59008138681694e-78	c5	NR4A2
7.52013881564345e-82	0.473814082771603	0.685	0.664	2.5221041559905e-77	c5	DENND2D
2.08695771180336e-81	1.02737543113307	0.306	0.223	6.99923877384611e-77	c5	SLAMF6
4.03085950280609e-81	0.470341494239793	0.577	0.493	1.35186966005111e-76	c5	CXCR3
6.10236017403992e-81	0.426879674722796	0.71	0.692	2.04660955516951e-76	c5	ANXA6
1.57635049600585e-80	0.498788802838678	0.646	0.605	5.28676429350442e-76	c5	ADGRE5
4.75531585806022e-79	0.667920337548315	0.472	0.4	1.59483783247624e-74	c5	NUCB2
1.01644380069469e-78	0.556141313350925	0.515	0.441	3.40894921876984e-74	c5	IKZF3
1.06767104184288e-78	0.305820081254923	0.803	0.757	3.58075514013265e-74	c5	CNN2
2.588187956498e-78	0.394169537439567	0.605	0.511	8.68026476850299e-74	c5	CYTOR
3.47301945536524e-78	0.223324242862955	0.972	0.968	1.16478126494039e-73	c5	TMA7
5.48809802787648e-78	0.638672480988516	0.492	0.438	1.84059831658921e-73	c5	PSTPIP1
4.76518490729551e-76	0.342760213860523	0.78	0.762	1.59814771420877e-71	c5	CD44
1.13176650430561e-73	0.390920903996566	0.718	0.691	3.79571850214017e-69	c5	RHOH
1.24607674358987e-69	0.411315187758131	0.684	0.68	4.17909218265169e-65	c5	SHISA5
1.21405675983842e-68	0.859027722921646	0.329	0.252	4.07170356114608e-64	c5	FAM173A
1.5461875132194e-68	0.886144741907058	0.348	0.279	5.18560368183521e-64	c5	DGKZ
3.00197339906785e-67	0.246386236523537	0.878	0.873	1.00680183857937e-62	c5	CALM2
3.38817365880232e-65	0.338648219616999	0.713	0.687	1.13632568168912e-60	c5	KIAA1551
2.86625793546747e-63	0.61722428349763	0.35	0.264	9.61285586397081e-59	c5	TNF
9.14819695335297e-63	0.750764054395456	0.388	0.328	3.06812229421552e-58	c5	ARHGAP25
9.95775261808727e-63	0.620716816835697	0.451	0.395	3.33963107305411e-58	c5	ARAP2
5.08608377304061e-62	0.455198509795219	0.576	0.519	1.70577077580236e-57	c5	ANXA2
1.89856177524937e-61	0.245438841668949	0.94	0.934	6.36739648183133e-57	c5	UBB
8.01927753751491e-61	0.346296585674703	0.685	0.653	2.68950530053175e-56	c5	RNF213
9.88421950571102e-61	0.547368974188075	0.515	0.472	3.31496953782536e-56	c5	ITGAL
2.27381664669012e-60	0.809318908173078	0.386	0.33	7.62592626966933e-56	c5	APOBEC3C
1.51008897361844e-59	0.204676515557349	0.972	0.977	5.06453639972151e-55	c5	DDX5
1.24886600010949e-58	0.0773449406489704	0.998	0.996	4.18844679116719e-54	c5	PFN1
1.79003879420623e-58	0.137119098002604	0.984	0.98	6.00343210800885e-54	c5	SRGN
2.51600892889885e-57	0.218618571834293	0.947	0.926	8.43819074574096e-53	c5	CLIC1
1.74850513752327e-56	0.481110789894705	0.564	0.521	5.86413653022556e-52	c5	TC2N
7.17945211298303e-56	0.696755954316835	0.419	0.368	2.40784464965225e-51	c5	AC116366.3
7.75892022759588e-56	0.847825691201383	0.309	0.242	2.60218666593111e-51	c5	BTN3A1
1.38366219555068e-54	0.472930320343856	0.695	0.707	4.64052627143787e-50	c5	CLDND1
2.7147500039438e-54	0.30985891963837	0.784	0.744	9.10472856322672e-50	c5	EMP3
1.59905767300763e-53	0.415890551945345	0.639	0.631	5.362919623733e-49	c5	PRKCH
5.28864908298888e-53	0.582826958743165	0.458	0.416	1.77370712945281e-48	c5	CAPN2
1.69712507068407e-52	0.179207534416409	0.961	0.965	5.69181806206024e-48	c5	OAZ1
2.63808764661372e-52	0.104000750869512	1	0.998	8.8476183492131e-48	c5	MT-CO1
5.02935740740543e-52	0.00514381051029367	0.347	0.254	1.68674588729563e-47	c5	GZMB
7.25615384233402e-51	0.203119367013617	0.936	0.937	2.43356887564198e-46	c5	MYL12B
1.85598286681963e-50	0.539979007476493	0.527	0.493	6.22459533873967e-46	c5	PIK3R1
7.13666387263051e-50	0.574579864956286	0.427	0.375	2.39349432960282e-45	c5	ZBTB38
1.43022280241784e-48	0.33161084316472	0.654	0.626	4.79668123474894e-44	c5	TAP1
2.25818987571949e-48	0.638990666208701	0.373	0.317	7.57351720518804e-44	c5	PCED1B
2.26509458654028e-48	0.442025937435515	0.584	0.568	7.5966742243388e-44	c5	PTP4A2
2.91944430201433e-48	0.554614704227241	0.473	0.436	9.79123230009567e-44	c5	GPR174
1.13692941586061e-47	0.115465494471223	0.999	0.998	3.81303387491331e-43	c5	EIF1
1.43884094691416e-47	0.62343892787107	0.414	0.374	4.82558476776069e-43	c5	TMEM109
2.56500114870359e-46	0.393145685392641	0.585	0.566	8.60250085252209e-42	c5	IL10RA
5.20603512268071e-43	0.217915371552145	0.88	0.876	1.74600005944466e-38	c5	LCP1
5.64486602483303e-43	0.222295605342511	0.858	0.869	1.8931751674085e-38	c5	UBL5
6.06451577679105e-43	0.322988596180978	0.691	0.703	2.03391730122018e-38	c5	IL16
6.32276809388766e-43	0.326141243965284	0.676	0.692	2.12052996332804e-38	c5	TERF2IP
7.29306946309164e-43	0.347570791794847	0.667	0.663	2.44594963653167e-38	c5	GNG2
3.69450701417802e-42	0.272587797424295	0.783	0.786	1.23906376241502e-37	c5	LY6E
1.20640148510399e-40	0.090490977252184	0.999	0.997	4.04602930074177e-36	c5	FAU
2.62966368227955e-40	0.729971170535087	0.334	0.286	8.81936605762916e-36	c5	SYNE1
5.7601822185509e-40	0.287732419806866	0.541	0.476	1.9318499124576e-35	c5	GBP5
2.05691301811969e-39	0.689506489229025	0.365	0.317	6.89847488016983e-35	c5	RIPOR2
3.88322923119595e-39	0.313590506097555	0.591	0.572	1.3023574195585e-34	c5	FCMR
6.61212098031368e-39	0.601174304396593	0.394	0.361	2.2175731343776e-34	c5	PPP3CC
6.97332968158512e-39	0.291134945763735	0.725	0.731	2.33871530861002e-34	c5	SUN2
1.18020004322742e-38	0.248104317454905	0.679	0.641	3.95815490497611e-34	c5	GSTP1
1.91424175461087e-38	0.263548822270986	0.777	0.774	6.41998399661395e-34	c5	CALR
6.29244936313498e-38	0.236992582127822	0.811	0.81	2.11036166740821e-33	c5	CAP1
1.20891916352105e-37	0.423221921876954	0.529	0.52	4.05447309061689e-33	c5	GRK6
1.09285812466934e-36	0.222040385491725	0.847	0.858	3.66522757851602e-32	c5	TRIR
1.12286377327143e-36	0.140011568024033	0.995	0.994	3.76586052279773e-32	c5	RPL41
1.72406861096757e-36	0.260604309739406	0.73	0.738	5.78218130746303e-32	c5	WIPF1
3.18251421524973e-36	0.24573740644911	0.855	0.871	1.06735161751045e-31	c5	SRSF7
5.16857412366459e-36	0.353064172511914	0.599	0.611	1.73343638959463e-31	c5	SIGIRR
3.18561003433646e-35	0.442245276444322	0.563	0.554	1.06838989331576e-30	c5	TUBA4A
4.14200379830468e-35	0.29671808623841	0.653	0.647	1.38914523387542e-30	c5	SASH3
5.20447136576701e-35	0.596189329471323	0.383	0.352	1.74547560665094e-30	c5	DNAJC1
8.41795292061018e-35	0.324935537445513	0.63	0.642	2.82321305051424e-30	c5	NDUFA3
3.33016680013842e-34	0.728724053593162	0.455	0.432	1.11687134143042e-29	c5	ITM2C
8.57097573463134e-34	0.172148767083335	0.907	0.907	2.87453384188066e-29	c5	YWHAB
2.54801852370685e-33	0.274102224861622	0.712	0.707	8.54554452480803e-29	c5	IER2
1.32233123206058e-32	0.540127586999868	0.371	0.329	4.43483448608477e-28	c5	CEMIP2
4.27404167816901e-32	0.445441768321063	0.454	0.427	1.43342809802432e-27	c5	LY9
4.55878146792974e-32	0.310436420442093	0.637	0.67	1.52892412871428e-27	c5	GABARAPL2
7.16883857071322e-32	0.356163309189746	0.58	0.573	2.4042850798458e-27	c5	GIMAP1
9.69598618584719e-32	0.366329872974982	0.556	0.556	3.25183984700943e-27	c5	SH3KBP1
1.33847655131978e-31	0.476127031211992	0.456	0.431	4.48898265781628e-27	c5	FLNA
7.13401717717255e-31	0.249767741054549	0.713	0.698	2.39260668088013e-26	c5	IRF1
9.83100515330558e-31	0.364487828568229	0.565	0.558	3.29712250831563e-26	c5	STOM
3.31443533017368e-30	0.413782342057559	0.482	0.46	1.11159532103365e-25	c5	TRAT1
9.7173665468083e-30	0.611604720516327	0.329	0.293	3.25901039246857e-25	c5	B3GNT2
1.96157200913226e-29	0.456943330265122	0.443	0.425	6.57872020422778e-25	c5	CHST12
9.39320889752464e-29	0.247066640774933	0.55	0.547	3.15029440005181e-24	c5	ARL6IP1
2.17193716825663e-28	0.258934693937032	0.697	0.699	7.28424287489909e-24	c5	ITM2A
3.19875304563639e-28	0.299469672781996	0.612	0.622	1.07279779644553e-23	c5	REEP5
4.43210160534921e-28	0.246234190920106	0.723	0.728	1.48643823640202e-23	c5	PSMB10
1.0131835095296e-27	0.0759778622543381	1	0.998	3.39801485426038e-23	c5	RPS15A
3.54230426257858e-27	0.436578792818961	0.431	0.409	1.1880180035836e-22	c5	RAB27A
6.60195994783435e-27	0.218677645218742	0.759	0.782	2.21416532730468e-22	c5	PDIA3
7.21084085099826e-26	0.424669768597763	0.439	0.417	2.4183718046078e-21	c5	RNF19A
1.28686390423896e-25	0.292106333323247	0.574	0.585	4.31588416203661e-21	c5	RASAL3
1.92164155962406e-25	0.117217574965382	0.995	0.994	6.44480146266719e-21	c5	H3F3B
4.30143955303124e-25	0.220839664774464	0.585	0.564	1.44261679729562e-20	c5	IL2RB
7.73184535871073e-25	0.102751356944753	0.989	0.99	2.5931062964044e-20	c5	UBC
1.92774449334562e-24	0.0660951777246086	0.991	0.988	6.46526948178254e-20	c5	CFL1
2.3103631974089e-24	0.155365081957035	0.854	0.876	7.74849609146996e-20	c5	CD48
8.66186821367903e-24	0.300791560885264	0.586	0.596	2.90501736150367e-19	c5	FAM49B
1.58988165072941e-23	0.205274859677455	0.962	0.975	5.3321450802163e-19	c5	RPS26
2.45196449804787e-23	0.590170924430326	0.345	0.328	8.22339853355294e-19	c5	AP3S1
2.84871325990864e-22	0.0924140515147762	0.988	0.991	9.55401453108158e-18	c5	EEF1D
3.2097611487842e-22	0.440539441718523	0.402	0.388	1.07648969407924e-17	c5	MYO1G
4.14953987778259e-22	0.34961500825613	0.516	0.526	1.39167268421073e-17	c5	CASP4
5.73918131140341e-22	0.461439949672381	0.421	0.415	1.92480662821848e-17	c5	MFSD10
7.75170123108781e-22	0.122870599332745	0.941	0.957	2.59976555888223e-17	c5	YWHAZ
9.22472369004433e-22	0.363397446998058	0.494	0.492	3.09378783116707e-17	c5	TSPO
1.02193169505311e-21	0.337017420733821	0.539	0.555	3.42735451886912e-17	c5	BIN2
1.34937958563242e-21	0.341243582834711	0.474	0.464	4.52554925429402e-17	c5	CFLAR
2.3971681380749e-21	0.411957041126412	0.452	0.451	8.03962250147561e-17	c5	PDLIM2
2.4159085464922e-21	0.39861006283532	0.318	0.277	8.10247408322555e-17	c5	PTMS
4.07097561380434e-21	0.484636659979171	0.357	0.334	1.3653238013577e-16	c5	ATM
4.18534296979254e-21	0.259301766841335	0.583	0.587	1.40368032520902e-16	c5	SIT1
1.48158254307313e-20	0.18626412682909	0.761	0.797	4.96893153295866e-16	c5	EIF3G
6.7646185075749e-20	0.249950639925006	0.592	0.623	2.26871775507047e-15	c5	TECR
3.15873351951631e-19	0.371301903740284	0.471	0.474	1.05937604777538e-14	c5	AKNA
4.08432479800385e-19	0.369796483533747	0.45	0.452	1.36980085075453e-14	c5	RBCK1
7.19172503609819e-19	0.495706175249558	0.324	0.297	2.41196074260661e-14	c5	IFNGR1
1.14245549036256e-18	0.248624231682013	0.645	0.664	3.83156722357796e-14	c5	ISG20
1.7587891269918e-18	0.178760088379827	0.708	0.717	5.89862697410508e-14	c5	PSMB8
2.03973531961205e-18	0.293663470745625	0.545	0.565	6.84086431491488e-14	c5	BIN1
4.09791491182636e-18	0.278711296337437	0.586	0.598	1.37435870312833e-13	c5	ARL4C
4.17978670581467e-18	0.361483455417589	0.44	0.438	1.40181686539612e-13	c5	CASP1
4.75007771019895e-18	0.173256465089694	0.773	0.814	1.59308106244652e-13	c5	SON
5.38432320084684e-18	0.10794707091791	0.937	0.952	1.80579431510001e-13	c5	RPL27A
5.65001222087524e-18	0.212124981317591	0.67	0.694	1.89490109863714e-13	c5	EZR
6.15378427977164e-18	0.292802691392119	0.524	0.521	2.06385617174981e-13	c5	PLP2
7.30511398673569e-18	0.261878461286597	0.596	0.615	2.44998912887141e-13	c5	PTPN6
7.41624464783934e-18	0.330415051173344	0.526	0.539	2.48726012999236e-13	c5	PPP2R5C
9.42772114373183e-18	0.257708663033568	0.599	0.613	3.16186911718478e-13	c5	UBE2L6
1.5698443843306e-17	0.105850347054732	0.846	0.849	5.26494409616797e-13	c5	LIMD2
3.26382130533143e-17	0.551455235923283	0.308	0.29	1.09462038938205e-12	c5	SIPA1
3.86557566554256e-17	0.33685788112367	0.464	0.476	1.29643676670966e-12	c5	MGST3
6.27372353368086e-17	0.0699209060671171	0.995	0.996	2.10408139872589e-12	c5	CD3E
1.01894556354207e-16	0.115571921555927	0.906	0.932	3.41733963100741e-12	c5	CD37
1.17294922429996e-16	0.242134397600161	0.615	0.655	3.9338371084572e-12	c5	CDC42SE2
1.75289630882238e-16	0.100677116782101	0.963	0.975	5.87886364052849e-12	c5	RPL36AL
1.86351645548123e-16	0.162318393095691	0.716	0.719	6.24986148839294e-12	c5	PPP1R18
2.12646366262103e-16	0.288472401747134	0.52	0.533	7.13173383169842e-12	c5	IQGAP1
2.91076879796963e-16	0.405836789240691	0.418	0.42	9.76213639463055e-12	c5	WNK1
5.01167280223576e-16	0.480265170114526	0.305	0.282	1.68081482441383e-11	c5	KCNA3
6.49706658911208e-16	0.390958848565935	0.519	0.51	2.17898619265641e-11	c5	GADD45B
8.09498699301349e-16	0.146506660829846	0.789	0.813	2.71489673771687e-11	c5	PSMA7
8.19854481624891e-16	0.157769126445896	0.758	0.792	2.74962796047356e-11	c5	RNASEK
8.22005605375703e-16	0.383367186136621	0.421	0.424	2.75684239930903e-11	c5	KIF2A
1.46732014606965e-15	0.194815663430975	0.693	0.739	4.92109830588838e-11	c5	ATP6V0C
1.85482502195387e-15	0.167800503007211	0.711	0.755	6.22071215862887e-11	c5	ICAM3
2.32961896962815e-15	0.0552108726454135	0.999	0.997	7.81307610033888e-11	c5	RPS7
6.0542534552455e-15	0.50162324049203	0.313	0.298	2.03047552382024e-10	c5	NIN
6.22976523155235e-15	0.457475459489103	0.356	0.35	2.08933866335803e-10	c5	HSPB11
1.28085078037515e-14	0.151882957362778	0.738	0.758	4.29571734722218e-10	c5	PARK7
2.02754030890284e-14	0.0642168389304736	0.985	0.982	6.79996468799834e-10	c5	CORO1A
2.78027123417697e-14	0.421801881042172	0.355	0.347	9.32447366518273e-10	c5	MT1X
5.01460190840327e-14	0.208644576993338	0.585	0.617	1.68179718804029e-09	c5	MAT2B
1.17983738923468e-13	0.153123765356352	0.76	0.802	3.95693863601529e-09	c5	KRTCAP2
1.27725381116677e-13	0.294133748928143	0.512	0.536	4.28365383189111e-09	c5	DOK2
2.16804144966399e-13	0.0222378203342517	0.97	0.98	7.27117741388309e-09	c5	IL32
2.41338817684151e-13	0.1542076363401	0.754	0.79	8.09402126749106e-09	c5	SEPT7
2.91276676901089e-13	0.146818547324927	0.581	0.577	9.76883718990871e-09	c5	IDH2
3.14857730394578e-13	0.156350777948242	0.707	0.753	1.05596985619734e-08	c5	SAP18
4.71000933699172e-13	0.0689584962325434	0.997	0.996	1.57964293144028e-08	c5	MT-ATP8
6.50690529868731e-13	0.0661719833605958	0.977	0.98	2.18228589907375e-08	c5	RAC2
1.19843139527863e-12	0.127263291991224	0.565	0.502	4.01929921348548e-08	c5	RPS4Y1
1.22253640244576e-12	0.179498841519534	0.636	0.66	4.10014258652259e-08	c5	CSK
1.58398669707788e-12	0.108054053262535	0.871	0.903	5.3123745846598e-08	c5	DAZAP2
2.50372028962839e-12	0.447401099155592	0.346	0.342	8.3969771073557e-08	c5	UTRN
2.51755821912243e-12	0.257097166128504	0.493	0.507	8.4433867552928e-08	c5	PARP8
2.73570274833834e-12	0.000412964110821701	0.27	0.356	9.17499987737712e-08	c5	SNW1
3.24498870172516e-12	0.238076271099143	0.546	0.585	1.08830431078458e-07	c5	AIP
3.56472623148817e-12	0.51318063514454	0.327	0.323	1.1955378835165e-07	c5	SRRT
4.9118020995679e-12	0.0441081524739175	0.999	0.996	1.64732018815308e-07	c5	RPL26
6.96033099912164e-12	0.112609161315059	0.849	0.869	2.33435581048542e-07	c5	SUB1
1.05769450537699e-11	0.475512111851578	0.308	0.301	3.54729583213334e-07	c5	CCSER2
1.59730769958363e-11	0.00307576876126858	0.236	0.313	5.35705056286356e-07	c5	DPY30
1.93119565514197e-11	0.335136052808576	0.452	0.472	6.47684398821514e-07	c5	C19orf66
2.04653274565799e-11	0.0255083417856384	0.239	0.316	6.86366152238777e-07	c5	BLOC1S2
2.51190077534998e-11	0.192091867958989	0.498	0.513	8.42441282036875e-07	c5	CARD16
2.57289677290854e-11	0.014209964180836	0.239	0.315	8.62898119698067e-07	c5	AKR1A1
5.76115431575945e-11	0.367718574040016	0.351	0.346	1.93217593441941e-06	c5	ARID5A
6.74697713318815e-11	0.0279337362109879	0.254	0.335	2.26280119092864e-06	c5	GID8
7.1886533373505e-11	0.0212772282261621	0.236	0.311	2.41093055628061e-06	c5	CD2BP2
7.56533481895291e-11	0.361759362612153	0.396	0.403	2.53726199158043e-06	c5	PITPNC1
8.48102300286769e-11	0.00252518076076613	0.261	0.342	2.84436549470177e-06	c5	POLR2C
9.51593688461187e-11	0.0439775153779989	1	0.998	3.19145491236113e-06	c5	RPL28
1.02012829925259e-10	0.272703333392762	0.47	0.484	3.42130629003335e-06	c5	HERPUD1
1.15692247745533e-10	0.0789193022967782	0.971	0.974	3.8800866048897e-06	c5	CALM1
1.47990222239689e-10	0.0464493430868425	0.997	0.996	4.9632960734747e-06	c5	MT-ND3
1.61740041374918e-10	0.0167973077998684	0.251	0.33	5.424437507632e-06	c5	SF3A3
1.86992263689427e-10	0.499917851025355	0.3	0.294	6.271346539616e-06	c5	MED15
1.97581787548017e-10	0.136073363437436	0.735	0.767	6.62649799078539e-06	c5	PAXX
2.50334286522162e-10	0.0115529649268734	0.255	0.33	8.39571130138029e-06	c5	GIT2
2.90145786916703e-10	0.0301936891091915	0.241	0.315	9.73090940161239e-06	c5	PNKD
5.40586797253185e-10	0.344798450741567	0.392	0.402	1.81302000062773e-05	c5	PYCARD
5.88795119963082e-10	0.128167358987503	0.75	0.795	1.97470107333218e-05	c5	CD53
6.58924086354718e-10	0.195960634585201	0.572	0.606	2.20989960081645e-05	c5	NDUFB10
6.73837120850092e-10	0.0195412607701577	1	1	2.25991493590704e-05	c5	MALAT1
6.93435803253062e-10	0.024725269691159	0.259	0.334	2.32564499695012e-05	c5	SNRPA1
7.44092097838002e-10	0.0379865721074013	0.233	0.305	2.49553607772909e-05	c5	NELFE
7.9558517334675e-10	0.0442435939221792	0.237	0.305	2.66823355437033e-05	c5	IFI6
8.54417008711772e-10	0.00948759549663591	0.258	0.331	2.86554376381754e-05	c5	EIF4G1
9.19227476654145e-10	0.00733263252976113	0.252	0.327	3.08290511120267e-05	c5	RRP7A
1.00946921166627e-09	0.00654651533698414	0.277	0.357	3.38555784208634e-05	c5	MRPS7
1.01481902874306e-09	0.0190719364711555	0.252	0.326	3.40350005859846e-05	c5	BECN1
1.13260084935589e-09	0.160432137916444	0.631	0.68	3.79851672856979e-05	c5	TMEM50A
1.14069625542742e-09	0.00756525132336505	0.256	0.327	3.82566710145247e-05	c5	PIK3CD
1.29583621492253e-09	0.267752208285105	0.461	0.48	4.34597549760718e-05	c5	GCC2
1.37165429315999e-09	0.141622729022138	0.717	0.752	4.60025416839999e-05	c5	UQCR10
1.50047342311952e-09	0.0219311461900449	0.25	0.322	5.03228776645824e-05	c5	STARD3
1.55297128636363e-09	0.115531825070103	0.777	0.799	5.20835510020635e-05	c5	PSME2
1.61274624371507e-09	0.0113801163226754	0.259	0.332	5.40882835217161e-05	c5	PDCD6IP
1.68906995093732e-09	0.0172341078230257	0.247	0.322	5.66480280145359e-05	c5	HSD17B10
1.70011007150227e-09	0.0269849920673266	0.256	0.331	5.7018291578043e-05	c5	ELOVL1
1.92731897954504e-09	0.380410302496442	0.361	0.369	6.46384239359816e-05	c5	CCDC88C
2.18512254969784e-09	0.0353030375159312	0.233	0.3	7.32846400717662e-05	c5	SPPL2A
2.26891800705022e-09	0.00219579766503303	0.295	0.376	7.60949721204504e-05	c5	ACADVL
3.1191871017128e-09	0.0135583348768052	0.256	0.327	0.000104611297017244	c5	CDK5RAP3
3.54654567747151e-09	0.248101141387576	0.5	0.535	0.000118944048931039	c5	SRSF9
3.9899604389619e-09	0.00776926392930838	0.278	0.357	0.000133815293201904	c5	WBP11
4.06232588832421e-09	0.134325168402373	0.718	0.753	0.000136242285642617	c5	ATP5MD
4.59682426287604e-09	0.269110197588535	0.454	0.483	0.000154168292128337	c5	CNPY3
5.03119612486383e-09	0.24626267596765	0.527	0.563	0.000168736255635683	c5	RAB1B
5.27022256849183e-09	0.148014350602148	0.693	0.751	0.000176752724502079	c5	TMEM59
5.65696505209331e-09	0.0123057885751841	0.24	0.305	0.000189723293917106	c5	CENPC
6.29878881430942e-09	0.322437097176488	0.41	0.426	0.000211248779254309	c5	RNPEPL1
6.4126184747821e-09	0.375803773829635	0.398	0.415	0.000215066398407242	c5	DDX6
7.51703487335405e-09	0.0277818960116745	0.235	0.302	0.000252106315582548	c5	FBXL5
9.11154822572121e-09	0.040099627348426	0.236	0.302	0.000305583104394238	c5	RRAGA
9.44512663425213e-09	0.0846918923007181	0.938	0.948	0.000316770657059548	c5	RHOA
9.48717686107280e-09	0.251435609932767	0.507	0.537	0.000318180937566659	c5	TRIM22
9.99771865224286e-09	0.0384802939000376	0.262	0.334	0.000335303488158921	c5	AMZ2
1.01294416315559e-08	0.0285423835262066	0.28	0.359	0.000339721213439121	c5	ABT1
1.06417260527248e-08	0.016076789471797	0.259	0.329	0.000356902208356283	c5	BLOC1S1
1.15377788314533e-08	0.000660638817334913	0.266	0.335	0.000386954026449282	c5	BAZ1B
1.15877616001434e-08	0.0164660412503284	0.262	0.334	0.000388630348545609	c5	STAU1
1.20305609162954e-08	0.0383136969168012	1	0.997	0.000403480952010715	c5	RPL7A
1.27515911815381e-08	0.0129871150843363	0.276	0.352	0.000427662865046426	c5	SMIM7
1.35241505676632e-08	0.140852596882403	0.678	0.718	0.000453572961738288	c5	ARHGEF1
1.40779016463781e-08	0.138386580031706	0.718	0.756	0.00047214466541623	c5	MSN
1.44318816422184e-08	0.00988859759200122	0.256	0.328	0.000484016446516722	c5	TTC1
1.47669417866651e-08	0.0152414602498122	0.284	0.359	0.000495253693641174	c5	FGD3
1.77645351546406e-08	0.00490731817658863	0.308	0.392	0.000595786980016337	c5	COPB1
2.02148039814282e-08	0.0133069130359913	0.266	0.333	0.000677964095929138	c5	ADAM8
2.17487120144751e-08	0.0106347581068087	0.273	0.349	0.000729408303541467	c5	PSMD11
2.38078908259006e-08	0.0607073479875473	0.248	0.317	0.000798469042519055	c5	MRPS18C
2.49369029866131e-08	0.0482812879465637	0.266	0.339	0.000836333852365031	c5	POLR2I
2.54749104771538e-08	0.326199247516	0.4	0.421	0.000854377547582784	c5	HDAC1
2.63090053851974e-08	0.024247360020512	0.254	0.32	0.000882351422608749	c5	UHMK1
2.65292974504628e-08	0.00629672618369737	0.256	0.328	0.00088973957789362	c5	VBP1
2.70429400615313e-08	0.0370633581405647	0.258	0.329	0.000906966123783635	c5	MED4
2.72238988063847e-08	0.0460059491934333	0.999	0.998	0.00091303511816853	c5	MT-ND4L
2.73308209060217e-08	0.282347054174144	0.451	0.48	0.000916621071546157	c5	IRF2
3.4061695863832e-08	0.0129695796297767	0.26	0.331	0.0011423611558812	c5	RPAIN
3.97643381424178e-08	0.050749491387369	0.29	0.371	0.00133361637262041	c5	CDC26
5.12214617759963e-08	0.127650600822871	0.717	0.762	0.00171786538504336	c5	DRAP1
5.40708492753287e-08	0.0364581820444717	0.242	0.307	0.00181342814299597	c5	STX10
5.43130233827694e-08	0.0831864780795009	0.9	0.914	0.00182155017821132	c5	LCK
5.63414421832895e-08	0.0509829899484369	0.286	0.366	0.00188957928794316	c5	LYPLA2
5.86097389086516e-08	0.0529202264672645	0.275	0.352	0.00196565342351836	c5	PSMC1
6.0111041637649e-08	0.0310294991132081	0.263	0.335	0.00201600411444347	c5	NDUFS3
6.60531436878819e-08	0.271641358060936	0.393	0.396	0.00221529033300418	c5	INPP4B
7.28269238815254e-08	0.057465279595079	0.248	0.312	0.0024424693731386	c5	NEMF
7.77121914644382e-08	0.14849721933653	0.54	0.549	0.00260631147733433	c5	ABI3
8.20503722322572e-08	0.047319096926275	0.266	0.34	0.00275180538392544	c5	PHF5A
8.48988413864502e-08	0.058311895633247	0.258	0.331	0.00284733734241877	c5	AAMP
8.72810761839817e-08	0.00340545297375883	0.333	0.42	0.00292723273305838	c5	NDUFA11
9.52596594945381e-08	0.242039053553731	0.482	0.508	0.00319481846012782	c5	ARHGAP30
9.55360476716973e-08	0.0568089742758419	0.272	0.347	0.00320408796681338	c5	METTL5
1.00444871188474e-07	0.0218667159940498	0.25	0.314	0.00336872008991906	c5	ASH1L
1.2373689512604e-07	0.0200991012751091	0.284	0.357	0.00414988798873713	c5	NECAP2
1.26724869308837e-07	0.0207844547693742	0.27	0.34	0.00425009866687979	c5	COPB2
1.31522910703931e-07	0.0739797413092704	0.257	0.327	0.00441101537918843	c5	SURF1
1.39475031861119e-07	0.203303787170325	0.553	0.589	0.0046777136185582	c5	BRD2
1.44557474862995e-07	0.0393581259808863	0.281	0.357	0.00484816859195514	c5	IDH3G
1.51065377814933e-07	0.125916267703588	0.651	0.695	0.00506643064115721	c5	WAS
1.53730461457919e-07	0.0674282816727835	0.265	0.335	0.00515581221637569	c5	WAPL
1.82627923180688e-07	0.291972872711551	0.41	0.429	0.0061249752876339	c5	STK10
1.9219116208684e-07	0.0374361015095347	0.288	0.365	0.00644570719406845	c5	C14orf119
2.02356177523017e-07	0.134271617481888	0.687	0.736	0.00678662148176694	c5	RAP1B
2.12046091778781e-07	0.033153255053343	0.282	0.354	0.00711160182607676	c5	ATG3
2.12771628988942e-07	0.016634822449784	0.325	0.408	0.00713593489303115	c5	CPNE1
2.40348462593138e-07	0.0475843108891095	0.265	0.336	0.00806080673844867	c5	RNF5
2.51417821738839e-07	0.0371072028364173	0.264	0.333	0.00843205090547717	c5	TOX4
2.56873679705537e-07	0.244524074119393	0.354	0.358	0.00861502946996429	c5	PIM3
2.74344037959395e-07	0.13705075235185	0.743	0.8	0.00920095034508218	c5	EIF4A2
2.95128315721579e-07	0.215440287478805	0.505	0.543	0.00989801345267033	c5	SNRPN
3.12908769332945e-07	0.242121058870134	0.49	0.528	0.0104943343058883	c5	SYNRG
3.2702885761495e-07	0.00880030590652692	0.262	0.326	0.0109678938266902	c5	INPP5D
3.46124070031205e-07	0.298745045221381	0.375	0.374	0.0116083090607065	c5	GBP1
3.70236584306342e-07	0.00184734509607482	0.378	0.469	0.0124169945644661	c5	ACAP2
3.70444296272193e-07	0.0503535163470843	0.258	0.323	0.0124239608083768	c5	CEBPZ
3.93536863440717e-07	0.032005055121508	0.324	0.406	0.0131984393260748	c5	AKIRIN1
4.05275436283461e-07	0.0529452014523002	0.251	0.314	0.0135921275820747	c5	SAFB
4.51565202498763e-07	0.0723272081977845	0.265	0.333	0.0151445937614035	c5	EAPP
4.59449937529468e-07	0.0237619542819854	0.259	0.325	0.0154090320048633	c5	VPS35
4.70609311225104e-07	0.404034214517083	0.334	0.346	0.0157832950798675	c5	MAPK1
4.76559774600314e-07	0.140299388325278	0.656	0.713	0.0159828617205453	c5	STK4
5.42609441408511e-07	0.00716369383714016	0.295	0.369	0.0181980354459586	c5	AHSA1
5.58127923625918e-07	0.0963159531267375	0.812	0.838	0.018718494302566	c5	ELOB
5.69457907931578e-07	0.046561627396956	0.265	0.335	0.0190984793162093	c5	SDHB
5.69814713200499e-07	0.321010980486959	0.395	0.415	0.0191104458513183	c5	GLIPR2
6.33505135850439e-07	0.00893363657292956	0.271	0.339	0.021246495246152	c5	MRPL4
6.57997167880676e-07	0.0275205146410357	0.271	0.338	0.0220679090163821	c5	EPRS
7.24324520651545e-07	0.0185570678174267	0.265	0.327	0.0242923957736115	c5	BTG3
7.39699015355247e-07	0.0642912243177829	0.255	0.323	0.0248080255769843	c5	EMC6
7.59725629515978e-07	0.0842776532535878	0.875	0.905	0.0254796781627069	c5	TMBIM6
8.19727480265381e-07	0.0254053350099193	0.292	0.364	0.0274920202331403	c5	NCKAP1L
8.96183555702125e-07	0.0368535696311424	0.248	0.308	0.0300562040911379	c5	SRPK2
9.11771050615973e-07	0.000569783569907056	0.277	0.34	0.0305789774955585	c5	OGT
9.72287772844169e-07	0.0736461328517113	0.251	0.316	0.0326085873256477	c5	ZNHIT3
9.85478171155073e-07	0.00791695279172466	0.3	0.374	0.0330509669041988	c5	NDUFS2
1.01914659793247e-06	0.0324190247672512	0.265	0.327	0.0341801386014593	c5	SNHG7
1.02319119596833e-06	0.00425681973036884	0.332	0.413	0.0343157863303857	c5	PAFAH1B1
1.09883491613752e-06	0.0203213907622715	0.362	0.451	0.0368527254174201	c5	DDX46
1.16432052247933e-06	0.206061615004587	0.534	0.587	0.0390489816829119	c5	LAMP1
1.16910096308886e-06	0.0606192994424566	0.265	0.332	0.0392093081000741	c5	MLX
1.1826264448004e-06	0.0341371822238503	0.319	0.4	0.0396629257057158	c5	DCTN2
1.1969899064655e-06	0.0371979428888637	0.277	0.344	0.04014464748304	c5	MAP2K2
1.27054721650621e-06	0.217366551044239	0.5	0.536	0.0426116125471854	c5	ARHGAP45
1.33723463503206e-06	0.0523653448186241	0.269	0.336	0.0448481751897053	c5	HAGH
1.3800715981334e-06	0.35618412678774	0.381	0.401	0.0462848412581979	c5	HNRNPLL
