p_val	avg_log2FC	pct.1	pct.2	p_val_adj	cluster	gene
0	4.50681438417273	0.835	0.039	0	c15	TRAV1-2
0	4.68429300745427	0.808	0.088	0	c15	NCR3
0	4.92838924690781	0.537	0.024	0	c15	SLC4A10
8.29713472609778e-307	3.57300019176588	0.406	0.045	2.78269304443867e-302	c15	ZBTB16
2.7603520707238e-234	2.45979785190952	0.762	0.204	9.25766877479349e-230	c15	KLRG1
3.07119088067536e-220	3.13256293830747	0.44	0.07	1.0300159975609e-215	c15	IL4I1
3.80899958711546e-218	3.33725449849133	0.431	0.069	1.27746228152678e-213	c15	LST1
1.00787100210651e-214	3.14622842082707	0.383	0.054	3.38019776686481e-210	c15	RORC
6.2486270796656e-201	2.92403790847531	0.392	0.059	2.09566454997825e-196	c15	IL23R
9.66134393727e-178	1.78128434581811	0.994	0.593	3.24022152968161e-173	c15	KLRB1
9.44619740169346e-166	2.31375275580607	0.64	0.174	3.16806568457995e-161	c15	CEBPD
3.74104195171149e-109	1.89603874893135	0.375	0.084	1.254670649765e-104	c15	EOMES
4.0895445894559e-109	1.40712490199895	0.896	0.48	1.37155146441172e-104	c15	CTSW
3.83658568744878e-106	0.974834002966966	1	0.885	1.28671410785657e-101	c15	S100A4
3.35054462711663e-104	3.4030789643484	0.356	0.084	1.12370565704238e-99	c15	CCL20
1.70647892618302e-97	0.8544864440121	0.656	0.22	5.7231890226326e-93	c15	GZMK
1.16633171063932e-90	1.28941912799122	0.96	0.716	3.91164329114215e-86	c15	LTB
1.67739108841779e-82	1.6116382960657	0.921	0.706	5.62563423233558e-78	c15	NFKBIA
3.40594851729266e-79	1.03355888594689	0.998	0.951	1.14228701372961e-74	c15	DUSP1
4.01805365764879e-75	0.839002329909698	0.99	0.893	1.34757483570225e-70	c15	S100A6
3.13471479318042e-73	1.30853955289655	0.95	0.76	1.05132064733685e-68	c15	DUSP2
1.0681188756012e-70	1.00523544031282	0.95	0.718	3.58225708499131e-66	c15	SPOCK2
1.00925499505179e-68	1.5582068039106	0.606	0.284	3.3848394024047e-64	c15	IFNGR1
2.82493166500495e-63	0.574848939029945	0.948	0.55	9.47425581809359e-59	c15	NKG7
6.62572738391136e-62	1.72660501564912	0.39	0.134	2.22213645001619e-57	c15	DPP4
1.47783116136973e-57	0.951483689850267	0.84	0.438	4.95635014900181e-53	c15	CCL4
9.50476267077734e-52	1.68600566526334	0.365	0.135	3.18770730452531e-47	c15	PHACTR2
9.6730545858153e-49	1.15267224932323	0.537	0.248	3.24414904699074e-44	c15	TMIGD2
1.46445114965884e-47	0.725798473364784	0.85	0.448	4.91147626572582e-43	c15	CD8A
3.96864347227254e-47	0.985028243079188	0.781	0.475	1.33100364773076e-42	c15	GBP5
8.31469007463425e-47	1.23603399420357	0.362	0.134	2.78858075723084e-42	c15	PLEK
5.28757667220391e-46	0.762130741321396	0.958	0.891	1.77334746432375e-41	c15	ZFP36L1
1.69888541849211e-44	1.51724703492034	0.315	0.112	5.69772191653885e-40	c15	IKZF2
1.75361725825924e-44	1.27938540393636	0.504	0.248	5.88128156074983e-40	c15	TNFRSF25
3.92575947252868e-44	1.09299872980617	0.688	0.429	1.31662121189667e-39	c15	GPR65
8.33421521217989e-41	1.55636448256092	0.444	0.213	2.79512909786089e-36	c15	LYST
1.09288169505875e-40	0.891293726259429	0.985	0.958	3.66530662888802e-36	c15	CD69
3.46619317118768e-40	0.855688465366212	0.769	0.497	1.16249186575292e-35	c15	PRF1
4.15925973676956e-40	1.51514661188081	0.346	0.141	1.39493253051778e-35	c15	IL18RAP
7.31458191486782e-37	0.88220113255686	0.908	0.759	2.45316448260837e-32	c15	CXCR4
1.22544048549631e-36	1.15167891317581	0.5	0.268	4.10988230025753e-32	c15	CMC1
1.4555971800609e-36	0.992998176473928	0.654	0.403	4.88178182248824e-32	c15	JAML
2.97167109339286e-36	1.16220935840317	0.729	0.491	9.96639051302097e-32	c15	MT2A
5.70316977952193e-36	0.972666122132719	0.654	0.401	1.91272908065607e-31	c15	AQP3
8.43170825714659e-36	0.802320519689175	0.785	0.548	2.82782631528182e-31	c15	RORA
3.82413578613045e-35	0.96147664639533	0.469	0.223	1.28253865995243e-30	c15	CCR6
3.56767151679123e-33	1.17959012686332	0.581	0.352	1.19652567330144e-28	c15	BHLHE40
3.7967294937501e-32	1.11834232485709	0.383	0.179	1.27334713761391e-27	c15	MAF
8.34791387780648e-31	1.08500538717919	0.544	0.34	2.79972335633874e-26	c15	CTSA
9.0366838689121e-31	0.952098692536527	0.558	0.319	3.03072303595574e-26	c15	ERN1
1.76227254559691e-30	0.491772554271203	0.981	0.907	5.91030966342292e-26	c15	HCST
3.114648280767e-30	0.515634060971422	0.921	0.666	1.04459074040363e-25	c15	IL7R
6.28672953196053e-30	0.89703187832756	0.671	0.462	2.10844335042892e-25	c15	CCDC107
1.30531733529823e-29	0.747965225490959	0.656	0.411	4.37777327912319e-25	c15	LAG3
1.73070486237405e-29	0.273123327333623	1	0.997	5.80443796743009e-25	c15	MT-ND4L
3.52322161682744e-29	0.979125992505623	0.49	0.268	1.18161806585159e-24	c15	TNF
4.20916859503207e-29	1.1446130413258	0.488	0.277	1.41167096340185e-24	c15	SATB1
1.41664383958757e-28	0.788684780778412	0.963	0.931	4.7511401092088e-24	c15	ZFP36
8.66388840440442e-28	0.946256990192655	0.4	0.196	2.90569489306915e-23	c15	SAMD3
1.34181980652761e-27	0.267155784030477	1	0.998	4.5001952671323e-23	c15	HLA-C
2.35974880442836e-27	0.916766811305141	0.581	0.372	7.91412554029185e-23	c15	SH2D1A
1.57637939787648e-26	0.618811184775332	0.854	0.716	5.28686122459813e-22	c15	PDCD4
9.08845653729382e-26	0.984177748513778	0.477	0.28	3.0480865534776e-21	c15	CERK
2.11359792671963e-25	1.14684371624405	0.352	0.176	7.08858472663228e-21	c15	ABCB1
2.15782346926909e-25	0.367976227422247	0.996	0.988	7.23690835123468e-21	c15	MT-ND5
7.67045139322787e-25	0.300268466538757	1	0.997	2.57251598826076e-20	c15	MT-CYB
2.40980737697288e-23	0.676261253845965	0.656	0.449	8.08201198089164e-19	c15	GYG1
2.41993811675907e-23	1.09204031988543	0.408	0.227	8.11598845598658e-19	c15	SESN1
4.41157353353877e-23	1.16630486837152	0.3	0.143	1.47955353167823e-18	c15	TXK
6.91735238647591e-23	1.00215535616696	0.385	0.211	2.31994164337629e-18	c15	ZC3H12A
1.49002181038953e-22	0.885129370934218	0.504	0.311	4.99723514768442e-18	c15	PRNP
2.63248134744155e-22	0.660607309961127	0.783	0.635	8.82881594304947e-18	c15	SH2D2A
1.38466691651506e-21	1.02787710713175	0.608	0.43	4.64389590460822e-17	c15	PHLDA1
2.22396695898551e-21	0.927491709495489	0.369	0.197	7.45874038704561e-17	c15	MYBL1
2.52300993564997e-21	0.638639833355841	0.725	0.529	8.46167072218286e-17	c15	LINC01871
1.19550678564771e-20	0.772145950728576	0.567	0.379	4.00949065770529e-16	c15	CDC42EP3
1.36333293801514e-20	0.633201364662263	0.754	0.602	4.57234600751519e-16	c15	BZW1
1.64440018619894e-20	0.686950127935738	0.912	0.835	5.514989344474e-16	c15	BTG2
1.10442346689459e-19	0.74733976438816	0.817	0.709	3.70401542327106e-15	c15	IER2
1.38823089705949e-19	0.202257694061657	1	0.999	4.65584878255811e-15	c15	EEF1A1
2.23866863318925e-19	0.6892690120537	0.535	0.341	7.50804686199012e-15	c15	MATK
4.88196962260063e-19	0.24039749368074	1	0.996	1.6373149720278e-14	c15	RPLP0
8.56420357455531e-19	0.852886430199869	0.577	0.413	2.87226259483436e-14	c15	PNP
1.4307614411649e-18	1.02159107977008	0.331	0.182	4.79848772137883e-14	c15	AD000671.2
1.63856400894386e-18	0.432304571680792	0.967	0.889	5.49541597319592e-14	c15	FOS
1.77956521079148e-18	0.657339666307186	0.662	0.486	5.96830580395245e-14	c15	FKBP11
1.82716184229156e-18	0.52691935942658	0.963	0.885	6.12793538667745e-14	c15	TNFAIP3
2.40607448125816e-18	0.62485427166685	0.66	0.479	8.0694925952436e-14	c15	AC020916.1
4.72160288514888e-18	0.705720763308536	0.729	0.543	1.58353117562123e-13	c15	RGS2
6.366820391057e-18	0.289834493781613	1	0.995	2.1353042227527e-13	c15	MT-ND3
1.73247381647571e-17	1.06331359789795	0.34	0.192	5.81037068569623e-13	c15	PRR5
2.04838362893089e-17	0.909432352121692	0.412	0.255	6.86986901470842e-13	c15	IGFLR1
2.74668994757809e-17	0.965504795892531	0.308	0.166	9.21184874618741e-13	c15	IER5
3.86792738225548e-17	0.526865271577094	0.756	0.614	1.29722548546084e-12	c15	YWHAQ
6.07209786952897e-17	0.585293302774206	0.683	0.516	2.03646018348262e-12	c15	PARP8
1.30177531442598e-16	0.230797110437264	0.727	0.48	4.36589404952185e-12	c15	HOPX
1.32636798772181e-16	0.184718448618007	1	0.998	4.4483729572214e-12	c15	MT-CO2
1.50187238923403e-16	0.194788915563682	1	0.999	5.03697961901311e-12	c15	MT-CO1
2.14674128705548e-16	0.840587421905356	0.479	0.316	7.19974092852668e-12	c15	NFKB1
2.92412245098945e-16	0.992925652477794	0.381	0.238	9.80692187612843e-12	c15	IPCEF1
3.43557034068009e-16	0.297458398191905	0.988	0.963	1.15222158085729e-11	c15	MT-ND4
5.51491081605499e-16	0.673431261464482	0.896	0.82	1.84959078948852e-11	c15	JUN
5.70342923504507e-16	0.253692341215336	0.998	0.996	1.91281609684942e-11	c15	MT-ATP8
1.14323434033479e-15	0.77425877392991	0.367	0.214	3.83417933061481e-11	c15	SLAMF7
1.34434532743762e-15	0.646402996417843	0.575	0.42	4.5086653591603e-11	c15	CASP1
3.32364242027118e-15	1.02005606983953	0.444	0.307	1.11468319491055e-10	c15	RBPJ
3.75914455066591e-15	0.187021041605834	1	0.999	1.26074189940233e-10	c15	HLA-B
1.24259813832123e-14	0.785254008323725	0.412	0.269	4.16742563630173e-10	c15	LPCAT4
3.35805497385893e-14	0.920936885601842	0.358	0.207	1.12622447713281e-09	c15	CCL4L2
3.77345549436762e-14	0.227400522853286	1	0.997	1.26554150370101e-09	c15	MT-ATP6
4.02034815393923e-14	0.741142560932047	0.396	0.249	1.34834436386814e-09	c15	SYTL2
4.43129811846144e-14	0.173249795462159	1	0.996	1.4861687629696e-09	c15	RPL6
5.02443406989974e-14	0.441203536253359	0.694	0.545	1.68509469836298e-09	c15	TTC39C
5.06372009318571e-14	0.609374167565266	0.492	0.332	1.69827044485262e-09	c15	LYAR
1.66089789253399e-13	0.569669222457343	0.608	0.457	5.57031935198049e-09	c15	SLA
2.56148549266762e-13	0.676256455689335	0.435	0.288	8.59071004530867e-09	c15	PTMS
2.67727492212876e-13	0.459235419960694	0.881	0.806	8.97904463383543e-09	c15	PPP1R15A
2.83785708952231e-13	0.92843692335808	0.342	0.212	9.51760510683993e-09	c15	SNX9
3.88292299576207e-13	0.260210640726431	0.99	0.96	1.30225471431868e-08	c15	LAPTM5
3.94429433424418e-13	0.487609520166912	0.752	0.648	1.32283743381881e-08	c15	LBH
8.39705334625758e-13	0.379873476210198	0.942	0.914	2.81620375126787e-08	c15	HSP90AB1
8.42482444112552e-13	0.52391131668427	0.596	0.449	2.82551762106468e-08	c15	APOBEC3G
1.06102797303982e-12	0.722224909185263	0.615	0.499	3.55847561598095e-08	c15	NFKBIZ
1.41227015772875e-12	0.355619722931065	0.896	0.807	4.73647165499067e-08	c15	MT-ND6
1.79258778289755e-12	0.501021579488518	0.652	0.512	6.01198090628179e-08	c15	TC2N
2.03143276056026e-12	0.803208769276671	0.325	0.201	6.813019192367e-08	c15	CD151
2.35166475184586e-12	0.40943633531506	0.733	0.599	7.88701324474064e-08	c15	PTPN6
3.34436144529991e-12	0.336874043904285	0.769	0.596	1.12163194152468e-07	c15	ID2
3.99489687943918e-12	0.555792863093112	0.629	0.48	1.33980851542631e-07	c15	GBP2
4.935822140301e-12	0.745560548098575	0.327	0.202	1.65537602941415e-07	c15	AC007384.1
5.00251283050393e-12	0.695108525154577	0.396	0.263	1.67774275309441e-07	c15	GLRX
8.30365034771215e-12	0.336073390821316	0.985	0.958	2.7848782536157e-07	c15	JUNB
9.20923708244458e-12	0.252371159934667	0.99	0.964	3.08859393271026e-07	c15	MT-ND2
9.25972658587246e-12	0.857467380860681	0.327	0.211	3.10552710236991e-07	c15	AC004687.1
1.24316835593313e-11	0.436198089562043	0.408	0.267	4.16933803212853e-07	c15	TNFSF9
2.12717225675952e-11	0.509395163150874	0.727	0.627	7.13411031472008e-07	c15	RPL22L1
2.45171311233888e-11	0.693082812118103	0.465	0.329	8.22255543616214e-07	c15	SERTAD1
2.51808683198396e-11	0.423749341085004	0.685	0.575	8.44515961710782e-07	c15	PAK2
2.97688234175233e-11	0.135724877240678	0.885	0.743	9.98386799776896e-07	c15	CST7
3.74721879870989e-11	0.739062931319462	0.342	0.218	1.25674224071132e-06	c15	TLE4
5.06697620763602e-11	0.370454640701878	0.706	0.571	1.69936248051697e-06	c15	FCMR
7.92811713265826e-11	0.500263741212753	0.381	0.246	2.65893192395093e-06	c15	SPRY1
9.44529826887409e-11	0.831132197051989	0.323	0.211	3.16776413341499e-06	c15	BCL7C
1.26433989938774e-10	0.412624048939257	0.777	0.681	4.2403431545666e-06	c15	SQSTM1
1.59152175095134e-10	0.422102186963469	0.696	0.595	5.3376456483406e-06	c15	TNFAIP8
2.08944627618957e-10	0.416253823607098	0.56	0.403	7.00758492108459e-06	c15	SLAMF1
2.66767120079276e-10	0.527239865590305	0.569	0.457	8.94683567321874e-06	c15	EIF4A1
2.80838169786196e-10	0.277551251242464	0.867	0.776	9.41875053828946e-06	c15	SEPT7
3.40295902618545e-10	0.726379857629326	0.41	0.29	1.14128439820208e-05	c15	RBKS
3.72881337659585e-10	0.222166676858782	0.988	0.971	1.25056943024272e-05	c15	PNRC1
3.76638967790207e-10	0.746201942778486	0.317	0.204	1.2631717701748e-05	c15	RAB9A
3.82990552386123e-10	0.651047631887897	0.412	0.295	1.28447371459258e-05	c15	EFHD2
6.00659900777626e-10	0.287119600904272	0.992	0.986	2.014493175228e-05	c15	BTG1
6.74613908130094e-10	0.718096156550396	0.362	0.249	2.26252012508671e-05	c15	PERP
1.15584907105417e-09	0.448972826831612	0.448	0.308	3.87648661450148e-05	c15	DYNLT3
1.27521865890514e-09	0.593930580854373	0.462	0.35	4.27682833823604e-05	c15	DNAJC1
1.38320697231325e-09	0.595558998884918	0.54	0.423	4.63899954374418e-05	c15	RNF19A
1.51364739184143e-09	0.238201574899423	0.99	0.979	5.0764706227578e-05	c15	SRGN
1.93518417979381e-09	0.307262629151962	0.812	0.712	6.49022070219247e-05	c15	FOSB
2.90475768178107e-09	0.354403784848181	0.696	0.572	9.74197631315737e-05	c15	JUND
3.02426655826154e-09	0.693866321676657	0.415	0.307	0.000101427851830975	c15	RAB18
3.82790163783649e-09	0.185523972592928	0.996	0.967	0.00012838016512976	c15	EEF1G
3.91026112437164e-09	0.63986849899203	0.475	0.367	0.000131142337589176	c15	ODF2L
4.12305648705116e-09	0.77743533365893	0.31	0.209	0.000138279068462722	c15	NFKBIB
5.37719805824752e-09	0.264629894625545	0.565	0.426	0.000180340468477505	c15	CXCR6
5.75889829177655e-09	0.416971979028144	0.7	0.603	0.000193141930909602	c15	ADGRE5
6.71062645540602e-09	0.519880106849866	0.562	0.454	0.000225060990061407	c15	VSIR
7.23212171582151e-09	0.666023078924684	0.431	0.327	0.000242550898105222	c15	CISD3
8.10911363247565e-09	0.668981240608709	0.344	0.239	0.000271963453005968	c15	YARS
9.18076979231497e-09	0.629390056443142	0.333	0.229	0.000307904657294659	c15	SKIL
9.91518238776910e-09	0.136930133425878	1	0.994	0.000332535386921	c15	RPL5
1.12626939253138e-08	0.534876262141588	0.456	0.339	0.000377728228867173	c15	ACAA2
1.16434932132379e-08	0.274226382192289	0.894	0.817	0.000390499475385571	c15	TAGAP
1.46274404686348e-08	0.141056765692367	1	0.998	0.000490575098437075	c15	MT-CO3
1.6665873361896e-08	0.635023478600891	0.369	0.263	0.000558940060811269	c15	IL12RB1
1.68324967397361e-08	0.653426478688036	0.367	0.263	0.000564528275657269	c15	MTFP1
1.97778617744777e-08	0.345405197235385	0.665	0.544	0.000663309928192434	c15	NR4A1
2.27480920091147e-08	0.683308361648731	0.327	0.224	0.000762925509801689	c15	NEK7
2.677269821006e-08	0.164702936687743	1	0.997	0.000897902752568991	c15	RPS4X
3.10558341016245e-08	0.573038470902636	0.452	0.34	0.00104155056410028	c15	DUSP5
3.13324519941655e-08	0.572934910538737	0.4	0.286	0.00105082777498032	c15	BCL2
3.43629255829342e-08	0.693682489482041	0.319	0.222	0.00115246379820045	c15	NFKBID
5.29858728998191e-08	0.611515666463597	0.331	0.23	0.00177704020531413	c15	SACM1L
6.08101900785142e-08	0.443450838771483	0.448	0.339	0.00203945215485321	c15	RELB
6.17283512102264e-08	0.614993032928977	0.306	0.204	0.00207024544288857	c15	PLAC8
8.47257432347101e-08	0.380419466005828	0.613	0.501	0.00284153197660571	c15	RBMS1
9.22245452428393e-08	0.114963993475379	1	0.998	0.00309302679835434	c15	RPS12
1.04378479640012e-07	0.357409602178795	0.633	0.534	0.00350064545016672	c15	ATP1A1
1.20662053073187e-07	0.325746819163962	0.827	0.743	0.00404676393596856	c15	DNAJA1
1.31132815825346e-07	0.673727536469916	0.302	0.209	0.00439793237715046	c15	STAT6
1.37665255167118e-07	0.262745230261076	0.912	0.864	0.00461701732779481	c15	LCP1
1.40103829055087e-07	0.145612001352101	1	0.995	0.00469880221884949	c15	RPL15
2.05676820414769e-07	0.503759417278196	0.402	0.299	0.00689798920307051	c15	ARL4A
2.10679092532825e-07	0.58522524084373	0.34	0.243	0.00706575540536588	c15	ADAM10
2.24293635096423e-07	0.506755802259277	0.419	0.326	0.00752235993386383	c15	AP3S1
2.39484955729054e-07	0.38551796537213	0.481	0.37	0.008031846445241	c15	RHOC
2.43644973526011e-07	0.640516861516599	0.323	0.229	0.00817136512211537	c15	TNFSF14
2.91528049096472e-07	0.30745250736171	0.702	0.599	0.00977726771059746	c15	DHRS7
3.33630811015792e-07	0.51175577189551	0.41	0.311	0.0111893101398476	c15	TRAF1
3.54024222542874e-07	0.315830966064736	0.769	0.693	0.0118732643756429	c15	C9orf16
3.79166485573591e-07	0.453242260116116	0.481	0.377	0.0127164855931671	c15	LYSMD2
4.0268698031018e-07	0.352715833816922	0.642	0.542	0.0135053159456428	c15	YWHAH
4.79594451594884e-07	0.242368231880676	0.746	0.628	0.0160846387175892	c15	CSRNP1
5.32495594750971e-07	0.232513471588979	0.91	0.87	0.0178588372567581	c15	TPM3
5.85048361346145e-07	0.29739601311067	0.669	0.541	0.019621351942827	c15	SIRPG
6.10730104746611e-07	0.310564656031486	0.781	0.675	0.0204826662529918	c15	IL2RG
6.28218904289915e-07	0.381578463305706	0.575	0.47	0.0210692056120752	c15	MGAT4A
6.4420987184001e-07	0.49404441131528	0.319	0.222	0.0216055106817703	c15	SORL1
7.39367441186866e-07	0.400479188594052	0.473	0.375	0.0247969052425251	c15	APMAP
1.06800586417865e-06	0.148544050073272	1	0.991	0.0358187806728237	c15	MT-ND1
