p_val	avg_log2FC	pct.1	pct.2	p_val_adj	cluster	gene
0	16.2479708093823	1	0.001	0	c19	IGFBP7
0	13.8576150311906	1	0.001	0	c19	SPARC
0	5.50044184027823	1	0.012	0	c19	CST3
0	9.72580382766756	1	0.018	0	c19	GSN
0	18.842807492682	0.957	0	0	c19	SPARCL1
0	9.88508821157388	0.957	0.003	0	c19	SERPING1
0	4.77915285062288	0.936	0.006	0	c19	SELENOP
0	8.54908723455664	0.936	0.008	0	c19	CNN3
0	11.2408554205856	0.915	0.001	0	c19	EMP2
0	13.3147656130039	0.872	0	0	c19	CALD1
0	10.0658417603253	0.872	0.003	0	c19	PMP22
0	14.4022887707008	0.851	0	0	c19	TIMP3
0	9.56075235368972	0.851	0.004	0	c19	A2M
0	9.14983404955882	0.851	0.005	0	c19	S100A13
0	8.74950610285777	0.851	0.005	0	c19	TMEM176B
0	8.35433338169895	0.851	0.005	0	c19	TCF4
0	14.3636307268876	0.83	0	0	c19	COL4A2
0	10.2903495007681	0.83	0.005	0	c19	MYL9
0	5.94063667096989	0.83	0.019	0	c19	HTRA1
0	17.2645211818076	0.809	0	0	c19	COL3A1
0	16.7811781895462	0.809	0	0	c19	COL1A2
0	13.7184155381328	0.809	0.001	0	c19	C1S
0	8.52871044898876	0.809	0.003	0	c19	TGFB1I1
0	11.2314908650531	0.809	0.003	0	c19	COL1A1
0	8.20743732571927	0.809	0.005	0	c19	EPHX1
0	13.3770184424841	0.787	0	0	c19	RBPMS
0	10.9380549157059	0.787	0.001	0	c19	PROS1
0	11.1872544887118	0.787	0.001	0	c19	CAVIN3
0	8.46872296191421	0.787	0.003	0	c19	EFEMP2
0	8.93351883386478	0.787	0.004	0	c19	TMEM176A
0	8.50474361543082	0.787	0.006	0	c19	CLIC4
0	15.1830326112619	0.766	0	0	c19	GNG11
0	13.6190774108762	0.766	0	0	c19	LAMB1
0	13.4345691622892	0.766	0	0	c19	RARRES2
0	15.6070086068956	0.766	0	0	c19	TCIM
0	9.90273950898544	0.766	0.002	0	c19	CXCL12
0	8.05573273175631	0.766	0.009	0	c19	TPM2
0	8.48843455741726	0.766	0.012	0	c19	COL6A1
0	11.6427407305249	0.745	0	0	c19	MXRA8
0	14.8510420457279	0.745	0	0	c19	EHD2
0	6.50051028902803	0.745	0.011	0	c19	TIMP2
0	12.4493317231689	0.723	0	0	c19	FSTL1
0	13.2120226696652	0.723	0	0	c19	NNMT
0	9.2529625926981	0.723	0.002	0	c19	WLS
0	8.51700214983958	0.723	0.006	0	c19	PRSS23
0	7.70779990439107	0.723	0.009	0	c19	IGFBP6
0	8.14599941240765	0.723	0.01	0	c19	IFI27
0	8.83802784987881	0.723	0.015	0	c19	PLAT
0	14.6692903112556	0.702	0	0	c19	CYR61
0	11.7775898202132	0.702	0	0	c19	COL5A2
0	14.9888746354514	0.702	0	0	c19	LAMA4
0	10.4898365298636	0.702	0.001	0	c19	ECM1
0	8.81870597829303	0.702	0.003	0	c19	NDN
0	8.17873072964563	0.702	0.005	0	c19	AEBP1
0	7.20394387481557	0.702	0.006	0	c19	PKIG
0	15.0933222902586	0.681	0	0	c19	PLPP3
0	11.4853358098788	0.681	0	0	c19	S100A16
0	12.0058220906026	0.681	0	0	c19	PPIC
0	14.4250955593318	0.681	0	0	c19	FOXF1
0	13.7942597931279	0.681	0	0	c19	COX7A1
0	12.5438403107886	0.681	0	0	c19	PPP1R14A
0	10.7953638661417	0.681	0.001	0	c19	NKX2-3
0	10.576179792293	0.681	0.002	0	c19	CYGB
0	8.17827603342874	0.681	0.004	0	c19	ALDH2
0	8.34504292735525	0.681	0.005	0	c19	CAVIN1
0	14.6539506844693	0.66	0	0	c19	TFPI
0	13.6701390830783	0.66	0	0	c19	CLEC3B
0	15.9924585798784	0.66	0	0	c19	TM4SF1
0	10.9689215481122	0.66	0	0	c19	PARVA
0	17.8294624008203	0.66	0	0	c19	MFAP4
0	10.5428037695425	0.66	0.001	0	c19	GPX3
0	10.6589802553951	0.66	0.001	0	c19	COL15A1
0	9.94484640473285	0.66	0.001	0	c19	ACVRL1
0	9.02867302177772	0.66	0.001	0	c19	NUPR1
0	9.02682065305207	0.66	0.004	0	c19	CTSK
0	9.20452867426813	0.66	0.005	0	c19	PROCR
0	7.37905569579731	0.66	0.006	0	c19	LRP1
0	7.61761664217576	0.66	0.006	0	c19	TUBB6
0	8.37303652895841	0.66	0.01	0	c19	MATN2
0	7.1717625207958	0.66	0.013	0	c19	C1R
0	13.407026647106	0.638	0	0	c19	VWA1
0	16.8732179501069	0.638	0	0	c19	EDIL3
0	16.441238698074	0.638	0	0	c19	CTGF
0	16.7867719518623	0.638	0	0	c19	COL4A1
0	10.4472347361042	0.638	0.001	0	c19	EMILIN1
0	10.7507016369361	0.638	0.001	0	c19	ADIRF
0	8.71286794507392	0.638	0.002	0	c19	TNS2
0	7.93826563419701	0.638	0.003	0	c19	LHFPL6
0	7.99719106414024	0.638	0.004	0	c19	SGCE
0	16.2166632731364	0.617	0	0	c19	TCF21
0	12.0585379000745	0.617	0	0	c19	SDC2
0	15.0738776421456	0.617	0	0	c19	MMP2
0	10.9771517812889	0.617	0	0	c19	FKBP10
0	12.333212724123	0.617	0	0	c19	GGT5
0	15.8228950442517	0.617	0	0	c19	FBLN1
0	9.29759056530688	0.617	0.001	0	c19	CNRIP1
0	10.0431706784094	0.617	0.001	0	c19	PDLIM4
0	8.41735134204827	0.617	0.002	0	c19	MMP14
0	8.03629993391408	0.617	0.007	0	c19	MDK
0	6.98554557975967	0.617	0.01	0	c19	CLEC11A
0	11.1785165730659	0.596	0	0	c19	RBP1
0	15.4362291465049	0.596	0	0	c19	SOD3
0	12.0703805939791	0.596	0	0	c19	PITX1
0	15.9672654449537	0.596	0	0	c19	CXCL14
0	15.6039027048376	0.596	0	0	c19	PTN
0	11.4017360829976	0.596	0	0	c19	DLC1
0	11.2323692072189	0.596	0.001	0	c19	NID1
0	9.17897080096677	0.596	0.001	0	c19	SEPT10
0	9.68405763340306	0.596	0.001	0	c19	CDC42EP1
0	7.67466176400367	0.596	0.003	0	c19	LTBR
0	6.85428076730752	0.596	0.005	0	c19	RCAN2
0	7.98465617891476	0.596	0.006	0	c19	RAB13
0	6.54441153574493	0.596	0.006	0	c19	HES1
0	6.88271486561626	0.596	0.007	0	c19	COL5A1
0	6.39826687459353	0.596	0.008	0	c19	PLTP
0	10.690209494018	0.574	0	0	c19	ST5
0	14.6925039722432	0.574	0	0	c19	CRYAB
0	14.0558815352606	0.574	0	0	c19	PLAC9
0	16.4044664580081	0.574	0	0	c19	ISLR
0	9.0717559326017	0.574	0.001	0	c19	PLAU
0	7.76939338308156	0.574	0.002	0	c19	FERMT2
0	7.10572077927504	0.574	0.003	0	c19	PDK4
0	8.25305411211608	0.574	0.003	0	c19	TCEAL9
0	7.14916135303138	0.574	0.004	0	c19	PLS3
0	8.49984411572357	0.574	0.004	0	c19	SERPINF1
0	8.24862314383204	0.574	0.005	0	c19	APOE
0	6.05853041060362	0.574	0.009	0	c19	RNASE4
0	6.08550276442966	0.574	0.01	0	c19	GAS6
0	9.11134332180914	0.553	0	0	c19	SELENBP1
0	15.2993786058596	0.553	0	0	c19	EFEMP1
0	12.1095928899259	0.553	0	0	c19	GULP1
0	12.9710904102677	0.553	0	0	c19	PDLIM3
0	15.9947354423726	0.553	0	0	c19	TMEM47
0	11.2235918338696	0.553	0	0	c19	GLT8D2
0	13.282722853198	0.553	0	0	c19	TMEM98
0	10.1166306939276	0.553	0.001	0	c19	HAAO
0	12.3480115853179	0.553	0.001	0	c19	FN1
0	10.6616084020737	0.553	0.001	0	c19	BMP4
0	9.39018642241308	0.553	0.002	0	c19	OLFML3
0	8.53309135672638	0.553	0.002	0	c19	CCL2
0	8.17902885329352	0.553	0.004	0	c19	DST
0	7.65947491163051	0.553	0.005	0	c19	CYBRD1
0	6.57936851936859	0.553	0.009	0	c19	GPC1
0	11.3728004701178	0.532	0	0	c19	FBLIM1
0	15.5012515935127	0.532	0	0	c19	ABI3BP
0	15.2244464872039	0.532	0	0	c19	PLOD2
0	12.7210723788555	0.532	0	0	c19	VCAN
0	17.137605598336	0.532	0	0	c19	COL14A1
0	11.3056836817627	0.532	0	0	c19	LPAR1
0	13.253510264158	0.532	0	0	c19	MGP
0	17.5218686973446	0.532	0	0	c19	LUM
0	18.0062980045736	0.532	0	0	c19	DCN
0	17.5675428668462	0.532	0	0	c19	ABCA8
0	9.28588088391539	0.532	0.001	0	c19	LAMB2
0	9.29943079829449	0.532	0.001	0	c19	CRISPLD2
0	7.34955543205889	0.532	0.003	0	c19	PTK7
0	7.67092685874166	0.532	0.003	0	c19	SMPDL3A
0	5.08520477361264	0.532	0.004	0	c19	DAB2
0	7.49822477157765	0.532	0.005	0	c19	CD302
0	6.57206577642463	0.532	0.006	0	c19	CDKN1C
0	15.7140093703614	0.511	0	0	c19	NES
0	10.2499646152301	0.511	0	0	c19	FKBP9
0	16.1232767069408	0.511	0	0	c19	MXRA5
0	15.5606324754448	0.511	0	0	c19	SCARA5
0	10.1532812709669	0.511	0	0	c19	FXYD6
0	13.6260801844816	0.511	0	0	c19	ITIH5
0	11.746670443726	0.511	0	0	c19	TMEM119
0	11.9429007299913	0.511	0	0	c19	EDNRB
0	12.1777262346665	0.511	0.001	0	c19	LAMC1
0	9.80859501357377	0.511	0.001	0	c19	RBFOX2
0	12.2438005337078	0.489	0	0	c19	SAMD11
0	12.342518599492	0.489	0	0	c19	HSPG2
0	17.1614794062316	0.489	0	0	c19	PDGFRA
0	12.3642809457711	0.489	0	0	c19	PCDH18
0	12.0937792658347	0.489	0	0	c19	CAV2
0	13.3253015106044	0.489	0	0	c19	NFIB
0	12.8285871630418	0.489	0	0	c19	NR2F2
0	9.66085192882325	0.489	0.001	0	c19	GNG12
0	14.1223384876653	0.489	0.001	0	c19	ADAMDEC1
0	8.43164951497352	0.489	0.001	0	c19	BACE2
0	7.50877798142802	0.489	0.002	0	c19	C2
0	9.08827513737696	0.489	0.002	0	c19	C11orf96
0	7.97293534836106	0.489	0.003	0	c19	CLIC2
0	8.19822014202683	0.489	0.004	0	c19	PALLD
0	7.18282514698726	0.489	0.004	0	c19	PHLDB1
0	6.25426370303363	0.489	0.006	0	c19	MARCKS
0	6.4559532937876	0.489	0.006	0	c19	PTK2
0	6.63266574772373	0.489	0.006	0	c19	NECTIN2
0	11.2654363778215	0.468	0	0	c19	MYLK
0	13.1045878770655	0.468	0	0	c19	TJP1
0	16.2491439781034	0.468	0	0	c19	FENDRR
0	10.4289722202251	0.468	0.001	0	c19	CCDC80
0	8.39028183637524	0.468	0.001	0	c19	ANGPTL4
0	7.87961074692868	0.468	0.002	0	c19	MAPK10
0	6.7079421331499	0.468	0.002	0	c19	RAB32
0	8.42915801946803	0.468	0.002	0	c19	KANK2
0	6.35568075980001	0.468	0.006	0	c19	CDC42EP4
0	10.1436720688324	0.447	0	0	c19	ANTXR1
0	9.21092947315874	0.447	0	0	c19	RND3
0	12.1155361317536	0.447	0	0	c19	CHL1
0	11.9898293747496	0.447	0	0	c19	PLSCR4
0	17.2957997181264	0.447	0	0	c19	HAPLN1
0	15.9718689971246	0.447	0	0	c19	ID4
0	12.3222350732508	0.447	0	0	c19	MEG3
0	12.1263379816046	0.447	0	0	c19	ADAMTS1
0	8.12606259994646	0.447	0.001	0	c19	PBX1
0	9.21812656925381	0.447	0.001	0	c19	FAM114A1
0	8.34039729108933	0.447	0.001	0	c19	EMID1
0	7.17483334022088	0.447	0.002	0	c19	PLBD1
0	7.49021754489864	0.447	0.002	0	c19	VASN
0	7.89272633347814	0.447	0.003	0	c19	FARP1
0	7.54324662782237	0.447	0.003	0	c19	A4GALT
0	6.60131784581597	0.447	0.005	0	c19	RHOBTB3
0	8.40665201040682	0.447	0.005	0	c19	CAV1
0	10.7686829887916	0.426	0	0	c19	COL16A1
0	11.0658934758228	0.426	0	0	c19	GSTM5
0	16.5330954576986	0.426	0	0	c19	ADH1B
0	9.76674971734266	0.426	0	0	c19	OSMR
0	13.7608583411795	0.426	0	0	c19	PRR16
0	13.0747840493444	0.426	0	0	c19	C5orf66-AS1
0	10.041941128964	0.426	0	0	c19	FGFR4
0	15.4124588605841	0.426	0	0	c19	GJA1
0	14.9136562001018	0.426	0	0	c19	SNAI2
0	15.0193469106799	0.426	0	0	c19	GPC6
0	10.8807960203325	0.426	0	0	c19	SYDE1
0	12.2170731539166	0.426	0	0	c19	HSPB6
0	10.1163055236267	0.426	0	0	c19	TEAD2
0	8.46810564537165	0.426	0.001	0	c19	GNAI1
0	8.67599854903141	0.426	0.001	0	c19	JUP
0	7.17422393280749	0.426	0.002	0	c19	PSD3
0	7.42895077618035	0.426	0.003	0	c19	PDGFRB
0	7.01126879748747	0.426	0.003	0	c19	ARMCX1
0	7.30226676867773	0.426	0.003	0	c19	ZNF385A
0	6.79056716951896	0.426	0.004	0	c19	SRPX
0	10.2391578502259	0.404	0	0	c19	DDR2
0	9.69674911052116	0.404	0	0	c19	FMOD
0	14.8836233034465	0.404	0	0	c19	KCNS3
0	13.038177913046	0.404	0	0	c19	GPX8
0	9.88946597509122	0.404	0	0	c19	HOXA10
0	14.7871301321723	0.404	0	0	c19	BGN
0	9.69632361280752	0.404	0	0	c19	TUSC3
0	14.7308472699915	0.404	0	0	c19	RUNX1T1
0	15.7135440175189	0.404	0	0	c19	TBX3
0	12.8039261699388	0.404	0	0	c19	FGF7
0	15.3661793397168	0.404	0	0	c19	CDH11
0	16.7431131642788	0.404	0	0	c19	LINC01082
0	10.6672156799214	0.404	0	0	c19	PCGF2
0	11.7181487319633	0.404	0.001	0	c19	F3
0	8.2927538666073	0.404	0.001	0	c19	TANC1
0	10.5131165333444	0.404	0.001	0	c19	FBLN2
0	8.5604640730079	0.404	0.001	0	c19	LDB2
0	10.1355847196189	0.404	0.001	0	c19	SYNPO
0	8.43601500422367	0.404	0.001	0	c19	PTGR1
0	9.0216159087048	0.404	0.001	0	c19	ZNF503
0	10.768333875858	0.404	0.001	0	c19	RBP5
0	8.40067381225384	0.404	0.001	0	c19	MMP19
0	7.74209254559041	0.404	0.002	0	c19	ACKR3
0	6.48989701664022	0.404	0.003	0	c19	HNMT
0	7.80320130201585	0.404	0.003	0	c19	FILIP1L
0	7.09608840960381	0.404	0.003	0	c19	CLMP
0	6.8086907601841	0.404	0.003	0	c19	AXL
0	10.6026280828103	0.383	0	0	c19	LINC01140
0	10.8705543352188	0.383	0	0	c19	LINC01116
0	12.9611333512471	0.383	0	0	c19	LIFR
0	16.3041285926459	0.383	0	0	c19	SFRP1
0	12.3907212361049	0.383	0	0	c19	ANGPTL2
0	11.1295584850839	0.383	0	0	c19	CREB3L1
0	15.977781539631	0.383	0	0	c19	MRGPRF
0	9.91678711898447	0.383	0	0	c19	ARHGAP20
0	17.9792223776129	0.383	0	0	c19	POSTN
0	9.37702375349228	0.383	0.001	0	c19	CDC42BPA
0	7.5006882179834	0.383	0.001	0	c19	RBMS3
0	8.07681000138563	0.383	0.001	0	c19	ANKRD50
0	8.80494248046233	0.383	0.001	0	c19	TNXB
0	9.72739025511298	0.383	0.001	0	c19	SSPN
0	7.7274643373285	0.383	0.002	0	c19	TSLP
0	6.18513234517115	0.383	0.002	0	c19	IL13RA1
0	7.5149183145506	0.383	0.002	0	c19	NFIX
0	12.0871603957991	0.362	0	0	c19	PDPN
0	12.4816046161961	0.362	0	0	c19	DPYSL3
0	15.4683328281329	0.362	0	0	c19	BMP5
0	11.7436473818391	0.362	0	0	c19	EGFR
0	11.6858374040931	0.362	0	0	c19	ELN
0	13.0570764933496	0.362	0	0	c19	OLFML2A
0	9.76488752961729	0.362	0	0	c19	FZD4
0	15.4036513159806	0.362	0	0	c19	TSPAN11
0	11.9877303875296	0.362	0	0	c19	MSRB3
0	13.2371000722335	0.362	0	0	c19	KITLG
0	16.6368500508721	0.362	0	0	c19	SLITRK6
0	11.9287366198012	0.362	0.001	0	c19	FRZB
0	10.186898225193	0.362	0.001	0	c19	CP
0	8.29771164768043	0.362	0.001	0	c19	FAM198B
0	7.62508953178385	0.362	0.001	0	c19	TSPAN12
0	8.85454954920449	0.362	0.001	0	c19	VSTM4
0	8.09282709083411	0.362	0.002	0	c19	WNT2B
0	7.40812625581945	0.362	0.002	0	c19	LAMA2
0	9.8692192464447	0.362	0.002	0	c19	ALDH1A1
0	7.40773942644071	0.362	0.002	0	c19	ADM
0	7.87290167016183	0.362	0.002	0	c19	TTC28
0	6.01880866557636	0.362	0.003	0	c19	APOC1
0	6.49850681639418	0.362	0.004	0	c19	SEPT4
0	15.118840079522	0.34	0	0	c19	LMOD1
0	11.7957100997255	0.34	0	0	c19	TNFAIP6
0	14.3372838372747	0.34	0	0	c19	IGFBP5
0	13.5969457399359	0.34	0	0	c19	FAM107A
0	16.167528394006	0.34	0	0	c19	EMCN
0	13.2855054236473	0.34	0	0	c19	FOXF2
0	12.3468321345307	0.34	0	0	c19	HOXA11
0	10.0536254503443	0.34	0	0	c19	SMARCA1
0	14.4222594043336	0.34	0	0	c19	STMN2
0	13.994879547412	0.34	0	0	c19	LURAP1L
0	10.2183894866168	0.34	0	0	c19	PRKG1
0	9.39855092997614	0.34	0.001	0	c19	ATOH8
0	8.97805543184961	0.34	0.001	0	c19	AKAP12
0	8.38531566588493	0.34	0.001	0	c19	FZD1
0	8.13520751042618	0.34	0.001	0	c19	ARHGAP6
0	9.07471511879253	0.34	0.001	0	c19	ADGRA2
0	8.14111677838079	0.34	0.001	0	c19	MYOF
0	8.79840515647272	0.34	0.001	0	c19	NTN4
0	9.22273147241129	0.34	0.001	0	c19	FBN1
0	13.0811734547745	0.34	0.001	0	c19	RAMP2
0	8.39050699519161	0.34	0.001	0	c19	SSC5D
0	7.45962113929517	0.34	0.002	0	c19	SASH1
0	7.49699466927655	0.34	0.002	0	c19	CTBP2
0	6.83750210763921	0.34	0.002	0	c19	TSPAN9
0	6.5400199830997	0.34	0.003	0	c19	NEXN
0	6.97757369069808	0.34	0.003	0	c19	TPST1
0	5.42599999782786	0.34	0.003	0	c19	TNFAIP2
0	6.42229551331429	0.34	0.003	0	c19	RTN2
0	10.2523001162328	0.319	0	0	c19	MFAP2
0	12.1781645948172	0.319	0	0	c19	NEGR1
0	14.7675678224624	0.319	0	0	c19	ADGRL2
0	9.90086868072963	0.319	0	0	c19	SNX7
0	13.5635906054054	0.319	0	0	c19	ANGPTL1
0	10.8547571278337	0.319	0	0	c19	MARC2
0	10.9109800987757	0.319	0	0	c19	ENAH
0	14.8711273183088	0.319	0	0	c19	ADAMTS9-AS2
0	14.6618660841855	0.319	0	0	c19	PDZRN3
0	9.65615625949401	0.319	0	0	c19	ROBO1
0	9.99643992995709	0.319	0	0	c19	TMEM150C
0	12.0885912166031	0.319	0	0	c19	SORBS2
0	13.4346704875534	0.319	0	0	c19	NR2F1-AS1
0	13.9933732158997	0.319	0	0	c19	LOX
0	8.5796045614593	0.319	0	0	c19	SPRY4
0	14.4537111719186	0.319	0	0	c19	C1QTNF2
0	11.1360527852982	0.319	0	0	c19	HEPH
0	15.0117775245502	0.319	0	0	c19	SCARA3
0	9.48929247568417	0.319	0	0	c19	TEAD1
0	10.0373685326272	0.319	0	0	c19	ARHGEF17
0	14.8353600213719	0.319	0	0	c19	SFTA1P
0	15.3225791955494	0.319	0	0	c19	CLEC14A
0	13.8300617786647	0.319	0	0	c19	SEMA6D
0	13.2146558560001	0.319	0	0	c19	C16orf89
0	10.9197202737288	0.319	0	0	c19	BCAR1
0	9.4035564178125	0.319	0	0	c19	CCDC68
0	10.9750728151608	0.319	0	0	c19	FBXO17
0	10.4896388216486	0.319	0	0	c19	KREMEN1
0	9.31743470967043	0.319	0.001	0	c19	HLX
0	8.03269661784265	0.319	0.001	0	c19	CDC42EP2
0	8.26570727585771	0.319	0.001	0	c19	PRICKLE1
0	6.65668002894169	0.319	0.002	0	c19	PLEKHH2
0	8.00461479389691	0.319	0.003	0	c19	LOXL2
3.61185359180518e-307	6.60740574824474	0.574	0.01	1.21134345761962e-302	c19	OAF
1.58388991988866e-302	6.28414677309581	0.383	0.005	5.3120500133226e-298	c19	FRMD6
2.10657118873896e-301	7.26802280292873	0.723	0.017	7.06501845279272e-297	c19	CRIP2
4.79055867232868e-288	5.71814797543007	0.468	0.007	1.60665756752559e-283	c19	RPS6KA2
6.08116612966679e-270	6.01758432209288	0.362	0.005	2.03950149656765e-265	c19	RAB31
9.50628630261376e-267	6.03818850793685	0.489	0.009	3.1882183001706e-262	c19	CERCAM
3.73953537733998e-263	5.53846066423889	0.532	0.01	1.25416537485228e-258	c19	SHISA4
3.23688303973728e-260	6.5773292953805	0.362	0.005	1.08558583386709e-255	c19	LRRC32
6.56172474732012e-252	6.11612174204922	0.447	0.008	2.20067124575622e-247	c19	CRYBG3
4.79714596451507e-250	5.47503651340916	0.319	0.004	1.60886681357907e-245	c19	SPRED1
1.60551347368929e-249	5.36772373299665	0.383	0.006	5.38457108805914e-245	c19	PLXNB2
3.8912734530089e-246	6.08620766744267	0.383	0.006	1.30505529067013e-241	c19	AK1
4.74664800957242e-239	8.12390125434188	0.83	0.029	1.5919308094504e-234	c19	COL6A2
4.99996784723226e-234	6.91515718232482	0.362	0.005	1.67688921660476e-229	c19	GAS7
4.38957665684726e-232	6.70939278547176	0.809	0.028	1.47217621917343e-227	c19	SLC9A3R2
2.40327645872e-230	5.78144502079334	0.319	0.004	8.06010858725513e-226	c19	FAM129B
7.65830071958025e-228	6.21975962541491	0.447	0.008	2.56844089533283e-223	c19	PXDN
1.43079428246964e-226	7.12426669342939	0.447	0.008	4.79859786454667e-222	c19	COL6A3
1.08062616389101e-224	5.77358866561861	0.511	0.011	3.62420402845765e-220	c19	FKBP7
2.49203410864741e-222	5.39427388618266	0.34	0.005	8.35778399358168e-218	c19	KCTD12
4.35399086851434e-219	5.87893524167166	0.681	0.021	1.46024145748234e-214	c19	C9orf3
9.19430863976593e-217	5.91831702535984	0.362	0.006	3.0835872316047e-212	c19	MICALL2
1.75580494002293e-216	5.91770783984977	0.34	0.005	5.88861860784889e-212	c19	MCTP1
4.18888633610261e-216	5.95574862396024	0.511	0.012	1.40486869940209e-211	c19	THY1
4.215583751951e-214	6.11615513683962	0.319	0.005	1.41382247872933e-209	c19	PLPPR2
3.09690464696211e-213	6.40478222972529	0.617	0.017	1.03863988049815e-208	c19	ID1
6.79053158719822e-212	5.38187702144132	0.447	0.009	2.27740848371454e-207	c19	PFN2
8.85971416600698e-208	6.65301581385571	0.66	0.02	2.97137093699542e-203	c19	DKK3
1.32413780431287e-203	5.52501720501685	0.574	0.016	4.44089336810452e-199	c19	PPFIBP1
7.88370575089832e-202	5.46363213474836	0.489	0.011	2.64403723473628e-197	c19	JAM3
2.06276015040191e-196	6.05643366512166	0.66	0.022	6.91808499241794e-192	c19	KLF4
2.8565116050467e-193	5.02594706402095	0.362	0.006	9.58016862100563e-189	c19	ZNF667-AS1
7.0589581169655e-192	4.70508245845434	0.681	0.023	2.36743337326789e-187	c19	CKAP4
2.27651418224229e-190	6.28385250095165	0.447	0.01	7.63497326440419e-186	c19	FAM92A
8.5483044102877e-189	4.89572860938864	0.851	0.037	2.86693033312229e-184	c19	CTSL
1.16570395731275e-183	6.20695452172398	0.596	0.019	3.90953793203548e-179	c19	AC245595.1
5.45188013223243e-183	5.32301622308067	0.617	0.02	1.82845155874811e-178	c19	P4HA2
2.06138643022864e-182	6.62566428201415	0.638	0.022	6.91347780970082e-178	c19	PCOLCE
4.80864666458256e-182	3.61980535760574	0.702	0.026	1.6127239183677e-177	c19	LGMN
1.31104293340321e-180	4.9681415305295	0.553	0.016	4.39697579004768e-176	c19	TRIP10
4.34866940221479e-179	5.79276895268786	0.894	0.045	1.4584567441148e-174	c19	PDLIM1
7.75188845100183e-179	6.7175224662863	0.83	0.039	2.59982834869699e-174	c19	IGFBP4
2.68634473345941e-173	5.4036681092873	0.787	0.036	9.00946296707619e-169	c19	TSPAN4
8.41469154306593e-173	5.5692219997001	0.447	0.011	2.82211924971345e-168	c19	OSBPL1A
4.46307780961576e-164	4.59769996680684	0.66	0.025	1.49682703578893e-159	c19	H1F0
3.57939371883174e-159	5.04241645813255	0.872	0.048	1.20045706542179e-154	c19	SERPINH1
2.16162105430793e-158	5.57755014558948	0.319	0.006	7.24964469193792e-154	c19	TCF7L2
8.24330437293633e-156	4.89463592285112	0.638	0.025	2.76463942059539e-151	c19	NFIA
5.36475987224541e-155	5.25876806108585	0.383	0.009	1.79923316595367e-150	c19	GNB4
1.04975057247775e-154	6.20952598354931	0.34	0.007	3.52065346997588e-150	c19	MRC2
6.38792705809634e-154	6.57165760520486	0.66	0.028	2.14238297674435e-149	c19	FXYD1
4.23820119906534e-151	4.53068386810767	0.319	0.006	1.42140791814253e-146	c19	MAFB
2.6962030379003e-150	4.9124838407389	0.489	0.015	9.04252574851004e-146	c19	EMP1
4.58650149289388e-146	6.79618509188336	0.681	0.032	1.53822087068675e-141	c19	CFH
1.15092879288835e-143	5.97267952107687	0.574	0.023	3.85998498558896e-139	c19	FHL2
4.20836189376889e-143	5.47123875693011	0.319	0.007	1.41140041193221e-138	c19	FEZ1
1.47978188976451e-136	5.5297704713364	0.511	0.018	4.96289250189222e-132	c19	EPB41L2
1.79280008798778e-135	4.75975987049922	0.83	0.05	6.01269293509343e-131	c19	BEX3
9.91496273238932e-133	5.72417707321855	0.319	0.007	3.32528020118873e-128	c19	MEF2C
1.64133320483257e-130	5.24886424539959	0.489	0.018	5.50470330236747e-126	c19	SERPINE2
7.50576881241006e-130	5.73562697205708	0.723	0.04	2.51728474430609e-125	c19	MFGE8
7.70213094352422e-121	4.88993900172126	0.596	0.028	2.58314067583915e-116	c19	VCL
1.10274803581946e-119	4.79182824413945	0.532	0.023	3.69839636253131e-115	c19	SOX4
3.1767587999174e-119	5.35952977066075	0.447	0.016	1.0654213663163e-114	c19	PTCH1
1.87880272743786e-118	4.86741907878125	0.468	0.018	6.30112858728111e-114	c19	FSCN1
5.14531752191275e-116	5.0031480627875	0.681	0.038	1.7256365904991e-111	c19	TSC22D1
9.78072105315509e-111	5.12781099756173	0.34	0.01	3.28025822680715e-106	c19	ADAM9
2.79014147143538e-110	4.38503530018646	0.383	0.013	9.35757646689999e-106	c19	EXT1
2.02765506261732e-109	4.58156418997233	0.404	0.014	6.80034954900596e-105	c19	IL1R1
6.35426069829931e-109	5.42991466415124	0.383	0.013	2.13109195299562e-104	c19	CCND1
2.98658650942617e-107	4.2848690687486	0.489	0.021	1.00164138353135e-102	c19	CD40
3.4298551611205e-105	5.04078802263137	0.936	0.089	1.15030482393659e-100	c19	APP
9.63140002432609e-103	4.94274769491171	0.851	0.072	3.23017894015848e-98	c19	FHL1
2.27194956455969e-101	4.57160637188217	0.574	0.031	7.61966444962029e-97	c19	DPYSL2
3.46456762759224e-101	4.54964371905042	0.383	0.014	1.16194669094188e-96	c19	MTUS1
5.00713684887399e-100	8.76074921912178	0.574	0.033	1.67929355637536e-95	c19	CFD
9.0150360370384e-100	4.56634467802976	0.362	0.012	3.02346278610194e-95	c19	ARMCX2
1.37727799332119e-98	4.17568462878476	0.617	0.037	4.61911493400062e-94	c19	C1orf21
2.16441607324624e-98	6.92076051582311	1	0.119	7.25901862645322e-94	c19	IFITM3
3.46117578616574e-98	4.11951514871576	0.872	0.076	1.16080913516427e-93	c19	YBX3
2.68489482463179e-96	3.90767142368133	0.383	0.014	9.00460026285009e-92	c19	IFIT1
5.27028258813213e-96	4.43371430170985	0.383	0.015	1.76754737440776e-91	c19	GSTA4
2.91864389763466e-95	5.40312962985981	0.362	0.013	9.78854790388712e-91	c19	SLC22A17
5.0484231974356e-95	4.78675397171806	0.596	0.036	1.69314017195595e-90	c19	PLK2
6.08828896497659e-94	4.52560872972069	0.553	0.031	2.04189035307385e-89	c19	PHLDA3
3.12823074883409e-93	4.21609636729221	0.596	0.036	1.04914602854398e-88	c19	ASPH
5.09375634829353e-92	4.17791656320815	0.362	0.013	1.70834400409069e-87	c19	CCDC102B
4.45056954140626e-91	4.10902889403033	0.383	0.015	1.49263201279683e-86	c19	EFNB1
7.62331623960282e-91	4.75246580579263	0.34	0.012	2.55670780043799e-86	c19	TRIQK
1.91384485192202e-88	4.20775807684826	0.702	0.053	6.41865286437606e-84	c19	RAB34
8.16422202837498e-88	5.63290865740363	0.319	0.011	2.7381167838764e-83	c19	SMTN
8.89136221308831e-87	4.98284410530348	0.319	0.011	2.98198505902556e-82	c19	C16orf45
1.65137170261522e-86	4.49207892560825	0.404	0.018	5.53837041623091e-82	c19	CPNE8
1.53164104512671e-85	4.99874404493681	0.362	0.015	5.13681773714598e-81	c19	PDIA5
1.66065258539203e-85	4.44771662859106	0.319	0.011	5.56949664088779e-81	c19	PRKAR2B
5.0050433584822e-80	3.58885982924157	0.851	0.09	1.67859144156776e-75	c19	FCGRT
5.65871941428967e-80	4.66047482242849	0.766	0.069	1.89782131716447e-75	c19	TPM1
9.4793189133151e-80	4.32091856038392	0.702	0.059	3.17917397714762e-75	c19	GLUL
5.63961198131752e-79	4.03793480219996	0.638	0.049	1.89141306629427e-74	c19	CTSF
2.08593447225827e-78	4.86215029058406	0.426	0.022	6.99580703305979e-74	c19	TGFBI
2.09149477271066e-76	4.0147485045177	0.766	0.075	7.01445516871701e-72	c19	RCN1
3.13920488404987e-76	3.80728110624589	0.468	0.027	1.05282653401265e-71	c19	TPBG
1.90844957060294e-74	4.04567719842465	0.553	0.038	6.40055816988815e-70	c19	SGCB
3.59110892356924e-72	3.83613974389727	0.638	0.052	1.20438611078665e-67	c19	ACTN1
5.97501614696927e-72	4.86835091752253	0.426	0.024	2.00390091537055e-67	c19	VCAM1
4.21014436089214e-71	4.51277615083383	0.426	0.024	1.41199821575601e-66	c19	PTPRK
1.85343718760218e-70	3.99611953827314	0.489	0.032	6.21605763978021e-66	c19	THBS1
7.11382965067761e-70	5.09720085331082	0.915	0.132	2.38583618824426e-65	c19	ID3
3.2040752133269e-69	3.78506383338689	0.638	0.055	1.07458274504558e-64	c19	SCARB2
1.4351046622352e-68	4.6653937379595	0.915	0.131	4.81305401620441e-64	c19	PLPP1
2.00972516199506e-68	4.08903897179194	0.851	0.103	6.74021624829905e-64	c19	CTNNA1
2.60465280828469e-68	4.15288295077122	0.34	0.016	8.73548458842521e-64	c19	RXRA
3.36330389077086e-67	3.59201733355393	0.936	0.14	1.12798485888673e-62	c19	GRN
7.57651493957452e-66	5.91865658226406	0.851	0.109	2.5410115804345e-61	c19	CD9
6.44298402738131e-65	4.21906142303443	0.447	0.029	2.16084798310314e-60	c19	WWTR1
9.38961958619116e-65	3.55609330692781	0.787	0.091	3.14909061681679e-60	c19	TSPAN3
1.66063297094324e-63	5.25468667651642	0.894	0.137	5.56943085794945e-59	c19	LTBP4
1.33109328028342e-62	4.91383107229489	0.787	0.099	4.46422064341452e-58	c19	ENG
2.19359342168331e-62	3.6809920889567	0.34	0.017	7.3568736176415e-58	c19	AP002884.1
1.44423758850571e-61	2.85920396740072	0.34	0.018	4.84368402433045e-57	c19	CD68
4.24755610304109e-61	5.23428267717616	0.404	0.025	1.42454536583792e-56	c19	HYAL2
1.56612260498267e-60	4.81062792472547	0.362	0.02	5.25246199259088e-56	c19	NCAM1
2.65849250824329e-60	3.90705158593929	0.426	0.028	8.91605217414636e-56	c19	MPZL1
3.30738952781586e-59	3.25796108105074	0.957	0.153	1.10923229983888e-54	c19	LMNA
3.66933120373087e-59	4.71363517151758	0.426	0.029	1.23062029910726e-54	c19	NDRG2
1.55988755237156e-58	4.65473957477936	0.723	0.085	5.23155087314372e-54	c19	COL18A1
3.42201183314189e-58	4.04572001701003	0.851	0.134	1.14767432859913e-53	c19	LGALS3BP
5.1028284398071e-58	4.44488803662665	0.468	0.035	1.71138660214251e-53	c19	PON2
1.42646066268091e-57	3.91162261268758	0.319	0.017	4.78406377049923e-53	c19	SMAD1
2.39870148384775e-57	4.14092651780684	0.383	0.024	8.0447650365286e-53	c19	MMP23B
2.46139229465556e-57	3.58722473280493	0.489	0.038	8.25501747781583e-53	c19	EPS8
2.42246190348742e-56	3.7403051814818	0.681	0.075	8.12445273191611e-52	c19	SCPEP1
1.99771605552367e-53	3.39111008535305	0.638	0.067	6.69994010701529e-49	c19	IFNGR2
2.65836954943243e-53	4.00661010912417	0.872	0.144	8.91563979488649e-49	c19	RHOB
2.90919627596634e-53	3.48877984044403	0.553	0.052	9.75686247033591e-49	c19	TRIM47
2.9246609628183e-53	3.69824839775669	0.894	0.153	9.80872793710002e-49	c19	PGRMC1
1.08716371185768e-52	3.6363434317921	0.489	0.042	3.64612965682828e-48	c19	LAPTM4B
2.14547768033841e-52	4.67227194004196	0.34	0.021	7.19550304431896e-48	c19	LMCD1
1.14276086687575e-51	3.26507621905701	0.511	0.045	3.8325913953279e-47	c19	COPRS
3.41080622894636e-51	3.73298557341289	0.426	0.032	1.14391619306403e-46	c19	PLEKHA5
5.98977081463155e-51	3.99902246060654	0.638	0.074	2.00884933581113e-46	c19	ETS2
1.24338871686159e-50	4.56018612426134	0.511	0.047	4.17007707861041e-46	c19	EPAS1
8.92234231326603e-50	3.4208773970151	0.532	0.051	2.99237516502316e-45	c19	FNDC3B
9.24400718468e-50	3.39066706018585	0.362	0.024	3.10025512959798e-45	c19	TCTN1
1.4655147864953e-49	3.70863304912844	0.936	0.202	4.91504349094795e-45	c19	CD151
2.89541105857812e-49	3.5903356418199	0.383	0.027	9.71062960825931e-45	c19	SLC12A4
4.79563859449778e-49	3.77710499840833	0.468	0.041	1.60836127182267e-44	c19	PLOD1
2.22907787980824e-48	3.58803950486264	0.936	0.203	7.47588139330087e-44	c19	ITGB1
6.91164006717639e-48	3.3192821721931	0.723	0.1	2.31802584572962e-43	c19	PAM
2.1431987561584e-47	3.70061193206343	0.34	0.023	7.18785998840403e-43	c19	SYNGR1
2.74347962275148e-47	4.20221233254851	0.34	0.023	9.20108195878391e-43	c19	SWAP70
8.99506277883287e-47	3.64722773280912	0.787	0.127	3.01676415476497e-42	c19	APLP2
1.08031306798077e-46	4.08980150692439	0.851	0.169	3.62315396739391e-42	c19	WARS
1.01061539747269e-45	3.68556170907912	0.511	0.052	3.3894019200439e-41	c19	MYO1C
1.96952608012427e-45	3.15004851171564	0.468	0.043	6.60539656752076e-41	c19	CBY1
2.7995708766886e-45	3.73200577405232	0.426	0.037	9.38920080623823e-41	c19	CDK2AP1
3.59745364657691e-45	4.53688571628668	0.383	0.031	1.20651400398896e-40	c19	LIMS2
1.03596180775846e-44	3.1567684829626	0.787	0.129	3.47440871086033e-40	c19	NFIC
2.60782806451967e-44	4.42529571283355	0.553	0.066	8.74613376278606e-40	c19	MGLL
4.66312877635699e-44	3.83740105384357	0.362	0.027	1.56392012901461e-39	c19	B4GAT1
7.91969188468632e-43	3.37181301086079	0.766	0.127	2.6561062642861e-38	c19	MAP1LC3A
1.05664284074557e-42	3.14560665270684	0.894	0.192	3.54376875929249e-38	c19	CD81
1.42148200717803e-42	2.91467524635493	0.404	0.034	4.76736635567367e-38	c19	SELENON
9.33041048332925e-42	3.8622883993944	0.979	0.287	3.12923306789897e-37	c19	TIMP1
1.07264673811414e-41	3.68121130202831	0.319	0.023	3.59744263028719e-37	c19	PKD2
1.84474241561557e-41	3.72457648021727	0.468	0.048	6.18689711349151e-37	c19	GSTM3
2.42372894053102e-41	3.08674670801916	0.787	0.136	8.12870212075294e-37	c19	SERPINB6
3.68911144685043e-41	3.05380036040079	0.809	0.146	1.2372541970447e-36	c19	CALU
6.89537012139998e-41	3.78813771830214	0.362	0.029	2.31256923131512e-36	c19	CYFIP1
2.26921367079457e-40	3.73486645282416	0.362	0.03	7.61048880911084e-36	c19	TRIP6
3.08748762568371e-40	4.06098362396037	0.872	0.183	1.0354815999018e-35	c19	CD59
1.11720311782149e-38	3.84728961340818	0.34	0.028	3.74687581654972e-34	c19	METTL7A
1.39236770444959e-38	2.98569558496639	0.66	0.098	4.66972280718305e-34	c19	FUCA2
3.81194103946707e-38	5.40420369651314	0.34	0.029	1.27844878581647e-33	c19	ADAM28
5.02612385572119e-38	2.89788449459395	0.426	0.042	1.68566141873177e-33	c19	MXRA7
1.72593792680008e-37	2.89973625258549	0.638	0.093	5.7884506189021e-33	c19	TAX1BP3
2.16134908251031e-37	3.56132918595019	0.34	0.028	7.24873255292307e-33	c19	H2AFY2
3.78723956749068e-37	3.5650169426625	0.553	0.073	1.27016440614503e-32	c19	IER3
5.5570501817431e-37	2.65978455533361	0.681	0.101	1.863723489953e-32	c19	RNF130
6.98328588450872e-37	3.61858735683565	0.319	0.025	2.34205441994653e-32	c19	DRAM1
2.72382769478862e-36	3.01982444018654	0.511	0.063	9.13517332278206e-32	c19	GRK5
3.08212442953461e-36	5.02205994906025	0.34	0.031	1.03368289117732e-31	c19	NQO1
1.35285653050492e-35	3.13861106530358	0.702	0.124	4.53721023200741e-31	c19	QSOX1
2.69072780211454e-35	3.31080906146745	0.979	0.393	9.02416290273174e-31	c19	LAPTM4A
2.70769679206088e-35	2.86851388672084	0.617	0.093	9.08107350121379e-31	c19	TCEAL4
5.89254148336047e-35	2.99406491641233	0.34	0.03	1.97624056268943e-30	c19	CRIM1
1.81689141149062e-34	2.89531184654256	0.66	0.107	6.09349041585723e-30	c19	BDH2
2.45382412379533e-34	3.51566692601255	0.383	0.039	8.22963534638479e-30	c19	TWSG1
8.71425110455262e-34	2.94709443496195	0.66	0.113	2.92258553544486e-29	c19	RRBP1
1.84288785023776e-33	2.97816809298768	0.362	0.034	6.18067727212739e-29	c19	EPN2
2.91517051571454e-33	3.07101233196559	0.34	0.031	9.77689887560344e-29	c19	PPP2CB
2.06361046998156e-32	2.65030472241699	0.34	0.031	6.92093679422416e-28	c19	CCDC88A
3.97331999488651e-32	2.81333937547332	0.319	0.028	1.33257205988504e-27	c19	DYNC2H1
4.68400711860443e-32	3.11284505376926	0.809	0.191	1.57092230743756e-27	c19	SPTBN1
5.59918455125869e-32	2.74259115864327	0.596	0.096	1.87785451480114e-27	c19	CPQ
6.88643432129038e-32	2.59918560830978	0.787	0.174	2.30957234267437e-27	c19	LEPROT
7.07646720148443e-32	2.64291256924456	0.83	0.178	2.37330557003385e-27	c19	CBR1
7.95253408758379e-32	2.77690073337837	0.702	0.132	2.66712088229385e-27	c19	TMEM205
9.13703414347035e-32	2.92595018760824	0.404	0.045	3.06437851103709e-27	c19	ITGAV
1.24878709619907e-31	3.0857134364594	0.787	0.178	4.18818216323245e-27	c19	CEBPD
1.67155517939392e-31	3.16266685785138	0.362	0.037	5.60606176065134e-27	c19	GOLIM4
2.82298731612986e-31	3.22865905251274	0.383	0.041	9.46773486083633e-27	c19	SLC12A7
5.11118744823973e-31	2.81148753425576	0.617	0.102	1.71419004639064e-26	c19	TUBB2A
6.66949628625985e-31	3.14944666072437	0.894	0.278	2.23681566448583e-26	c19	SELENOM
1.16440381027663e-30	2.43699203985872	0.851	0.212	3.90517749890577e-26	c19	RTL8C
1.57573731642495e-30	3.9254469678776	0.34	0.035	5.284707811826e-26	c19	ST3GAL4
1.99825626783039e-30	3.02391490562418	0.362	0.037	6.70175187104958e-26	c19	ARRB1
8.2629545809594e-30	2.95559462166699	0.34	0.034	2.77122970736216e-25	c19	SMARCD3
2.85840954537798e-29	3.21959082316262	0.957	0.422	9.58653393328866e-25	c19	LGALS1
4.65930658340223e-29	2.89800080897302	0.426	0.054	1.56263824194144e-24	c19	TRIOBP
1.6044037228399e-28	2.42672568668266	0.468	0.063	5.38084920566046e-24	c19	TCEAL3
2.54107078085154e-28	2.66052822024501	0.638	0.116	8.52224318481988e-24	c19	MAGED1
3.34444269239483e-28	2.56532289775714	0.383	0.044	1.12165919017538e-23	c19	ATN1
4.0335566965752e-28	2.79261738492652	0.447	0.059	1.35277424489739e-23	c19	CTSO
4.76824319820167e-28	2.76233101702766	0.404	0.05	1.59917340381288e-23	c19	UGDH
2.55243083967794e-27	2.49076319457095	0.553	0.09	8.56034255011186e-23	c19	ZFYVE21
2.59192434442727e-27	2.71699372451906	0.553	0.09	8.69279586634018e-23	c19	SLC44A1
3.03733496706568e-27	2.64543118566029	0.681	0.141	1.01866140125449e-22	c19	VAT1
4.42688097858477e-27	2.45087159158243	0.468	0.067	1.48468734259776e-22	c19	GCSH
6.43513560172368e-27	2.60644019315618	0.957	0.507	2.15821577810609e-22	c19	CD63
9.99687192047953e-27	2.57852697015083	0.404	0.051	3.35275090469043e-22	c19	FES
1.06040806962448e-26	2.48297564062104	0.532	0.085	3.55639658390658e-22	c19	CREG1
1.06994503645026e-26	2.50095856219134	0.894	0.272	3.58838166324688e-22	c19	CRTAP
1.8790412622195e-26	2.82973527257531	0.404	0.052	6.30192858523176e-22	c19	INAFM1
3.30528418155561e-26	2.66025880391694	0.596	0.112	1.10852620881012e-21	c19	NME4
5.15169603472494e-26	4.15170867765447	0.468	0.073	1.72777581612605e-21	c19	NPDC1
5.90791668266469e-26	2.88864053634909	0.447	0.065	1.98139709703208e-21	c19	SPON1
1.35242130860994e-25	2.67180364293348	0.809	0.234	4.53575058481601e-21	c19	IL6ST
1.71423692282246e-25	2.66639153663485	0.447	0.065	5.74920779176197e-21	c19	SPATS2L
2.06334879562201e-25	2.52128545703243	0.596	0.11	6.9200591907571e-21	c19	DTWD1
2.59916566765673e-25	3.4683212228787	0.745	0.192	8.71708181618713e-21	c19	NBL1
2.79740079830219e-25	2.44510612936737	1	0.894	9.38192279734587e-21	c19	S100A6
3.15059629974179e-25	2.54356423078536	0.66	0.136	1.0566469870074e-20	c19	PEA15
3.62497590734983e-25	2.16816315431489	0.596	0.108	1.21574441980698e-20	c19	HEBP1
4.09517946343233e-25	2.20904141054119	0.681	0.141	1.37344128844593e-20	c19	PRDX4
4.95363686104205e-25	2.20593571775693	0.766	0.183	1.66135073045628e-20	c19	PTTG1IP
5.60744712817749e-25	2.5026542890982	0.638	0.139	1.88062561784817e-20	c19	CSF1
5.83702839796393e-25	2.61006378949826	0.936	0.502	1.95762258410914e-20	c19	HSPB1
9.36598156051562e-25	2.25632205171616	0.957	0.371	3.14116289576573e-20	c19	RHOC
1.36197005467077e-24	3.27421397564652	0.617	0.138	4.56777516935482e-20	c19	SPON2
1.59063160963457e-24	2.45217201942658	0.638	0.13	5.33466029239243e-20	c19	CYSTM1
1.66395725414294e-24	2.59332990952274	0.489	0.08	5.5805798389446e-20	c19	NTHL1
2.02365933650145e-24	2.39643061521111	1	0.584	6.78694868275856e-20	c19	PSAP
2.05618390424143e-24	2.40061719164774	0.426	0.061	6.8960295780449e-20	c19	MSRB2
2.35587604047231e-24	3.45044231029703	0.489	0.087	7.90113706453605e-20	c19	FBLN5
2.98331591410469e-24	2.20256326524407	0.957	0.519	1.00054449127243e-19	c19	ANXA5
6.37113682146076e-24	2.43298545528648	0.511	0.087	2.13675186718151e-19	c19	APOL1
7.19309326957536e-24	2.33228592405181	0.681	0.15	2.41241962075018e-19	c19	SORBS3
1.00617407657431e-23	2.78342633628277	0.83	0.292	3.37450661801493e-19	c19	EGR1
1.14138099113458e-23	2.1749819928464	0.34	0.042	3.82796356806715e-19	c19	ZC2HC1A
1.43226599818859e-23	2.69038964497944	0.362	0.047	4.8035337047249e-19	c19	APPL2
1.87475547231718e-23	4.24575756485295	0.532	0.1	6.28755490305736e-19	c19	IGFBP3
1.88103306069331e-23	2.15092086668394	0.447	0.067	6.30860867895322e-19	c19	ITGA5
2.16652516223766e-23	4.94513093488802	0.319	0.039	7.26609208911266e-19	c19	RGS16
3.23112056022098e-23	2.15290265641918	0.574	0.106	1.08365321348691e-18	c19	SFXN3
3.69708567371185e-23	2.23674881035476	0.447	0.068	1.23992859324948e-18	c19	SMIM14
3.70401505479521e-23	2.46888616324582	0.447	0.07	1.24225256907722e-18	c19	RNF135
4.48789558898492e-23	2.20818970879585	0.66	0.143	1.50515042263376e-18	c19	EEA1
4.72868303994977e-23	3.31049755225301	0.383	0.055	1.58590571793836e-18	c19	TNFAIP1
5.03679358736877e-23	2.30014576762151	0.617	0.129	1.68923983333174e-18	c19	RDX
1.87957570262335e-22	2.32004989810013	0.596	0.124	6.3037209914582e-18	c19	BRI3
2.70664554311622e-22	1.67742650798194	0.979	0.597	9.07754782250319e-18	c19	RAC1
3.13394232814462e-22	2.29224758374776	0.915	0.427	1.05106157801314e-17	c19	LGALS3
3.71040654936074e-22	1.83568644308163	1	0.936	1.2443961485246e-17	c19	VIM
4.68973283180382e-22	2.11952115977098	0.489	0.083	1.57284259713036e-17	c19	SMAD5
5.20098304798292e-22	2.31465894326255	0.83	0.266	1.74430569463251e-17	c19	UBE2E3
6.01481727713941e-22	2.1277394450624	0.447	0.073	2.01724941840701e-17	c19	CTSZ
6.77614310770677e-22	2.86069193118148	0.617	0.144	2.2725828754627e-17	c19	ZEB2
9.57957828601862e-22	2.2185583744919	0.915	0.403	3.21279896556493e-17	c19	CYB5R3
9.96048181289562e-22	2.66008676079657	0.362	0.051	3.34054639040893e-17	c19	HES4
1.03103428291576e-21	2.28865098514109	0.468	0.078	3.45788277804288e-17	c19	AAMDC
1.04428247328836e-21	2.22636449872742	0.723	0.198	3.50231455891451e-17	c19	GINM1
1.34068718874296e-21	1.7227170793667	0.447	0.071	4.49639669360615e-17	c19	SLC40A1
1.47010299085067e-21	2.26446324634476	0.83	0.288	4.93043141071497e-17	c19	PTMS
4.18518758060406e-21	2.28425992250144	0.574	0.122	1.40362821078299e-16	c19	RTL8A
4.41808388948754e-21	2.48891979307937	0.553	0.111	1.48173697485633e-16	c19	PLOD3
1.1083363893803e-20	2.93334952398884	0.383	0.06	3.71713858270365e-16	c19	CXXC5
1.59959447615294e-20	2.37188067612691	0.702	0.185	5.36471995412174e-16	c19	EI24
1.94234320213414e-20	2.10496362764313	0.468	0.082	6.51423063131747e-16	c19	SLC25A37
2.23432317597207e-20	2.77983798038522	0.319	0.043	7.49347306757513e-16	c19	MKL2
2.32882879296726e-20	1.88458679905287	0.468	0.081	7.81042600585361e-16	c19	EXT2
5.40850841773281e-20	2.58756261973811	0.319	0.043	1.81390555313923e-15	c19	PLAUR
5.62795786422157e-20	2.87044944722132	0.383	0.062	1.88750450850263e-15	c19	FHL3
5.97165413410977e-20	1.81719660634531	0.34	0.046	2.00277336349773e-15	c19	AFAP1
8.68409002503812e-20	2.03217109096665	0.638	0.151	2.91247011259728e-15	c19	HSD17B12
1.26301729303002e-19	2.27069896722806	0.383	0.06	4.23590739736409e-15	c19	CFL2
1.34806288857788e-19	2.14256890248253	0.638	0.153	4.52113331571251e-15	c19	ARL3
1.77387564838608e-19	2.11400674813997	0.979	0.65	5.94922414955725e-15	c19	SELENOW
1.88375606388749e-19	2.54684096173728	0.957	0.51	6.31774108706586e-15	c19	ANXA2
3.24475434393639e-19	2.24487523949426	0.383	0.061	1.08822571186939e-14	c19	RIOX2
3.95981695957e-19	2.09565841086051	0.66	0.172	1.32804341190059e-14	c19	SLC39A1
4.4085377607019e-19	2.2818491439721	0.34	0.05	1.4785353941842e-14	c19	ANKRD35
8.50483981338805e-19	2.16219073052261	0.83	0.311	2.85235317661408e-14	c19	TNFRSF1A
9.69789915101391e-19	2.40411964173655	0.787	0.29	3.25248141726705e-14	c19	NPC2
1.05758676240179e-18	2.235319649451	0.553	0.121	3.54693448374313e-14	c19	WDR13
1.31099772572623e-18	1.92117920440963	0.489	0.098	4.39682417254062e-14	c19	GEM
1.37888291679207e-18	1.90677338918264	0.468	0.087	4.62449752633725e-14	c19	WASL
1.93650272615034e-18	2.10832751528013	0.936	0.502	6.49464284296302e-14	c19	HSPA1A
1.9371626983293e-18	2.1151965854047	0.809	0.277	6.4968562576568e-14	c19	PLD3
2.69536058651128e-18	2.08533611246497	0.362	0.056	9.03970033504155e-14	c19	RIPOR1
3.33998781538528e-18	1.64414227561036	0.936	0.456	1.12016511352391e-13	c19	MGST3
4.36029316616751e-18	2.44612161569317	0.426	0.078	1.46235512206926e-13	c19	ALDH3A2
5.53264865873826e-18	2.45245596108059	0.404	0.071	1.85553970716764e-13	c19	CHST14
7.57520432725301e-18	1.62598254405071	0.936	0.689	2.54057202727412e-13	c19	HSP90B1
8.90439956709e-18	2.33064090517186	0.638	0.168	2.98635752681064e-13	c19	LPP
1.51251291399015e-17	2.27443423302551	0.362	0.06	5.07266581094016e-13	c19	INF2
1.65076809121821e-17	2.13358950064172	0.617	0.153	5.53634602432764e-13	c19	TM9SF1
1.85925595714376e-17	2.23001866038461	0.426	0.081	6.23557262906874e-13	c19	ARL13B
1.9368960185716e-17	1.99815629344273	0.553	0.125	6.49596186708543e-13	c19	TMEM9
2.17557334879399e-17	2.36286729908741	0.617	0.171	7.29643789718529e-13	c19	PRCP
2.26541050591506e-17	2.03359568731185	0.489	0.103	7.59773375473792e-13	c19	MLXIP
2.3164964451196e-17	2.17183371976598	0.851	0.433	7.76906577764213e-13	c19	DSTN
3.33306830232476e-17	1.78412950092545	0.809	0.257	1.11784444723368e-12	c19	ATOX1
3.60543771093172e-17	1.73367149564843	0.915	0.434	1.20919169949228e-12	c19	RTN4
7.39056393099975e-17	1.47776251852985	0.979	0.637	2.4786473311787e-12	c19	PRDX1
7.79162791465888e-17	1.39293197088779	0.979	0.635	2.6131561700183e-12	c19	GSTP1
8.60684316072065e-17	1.8970595840258	0.851	0.334	2.88656305924249e-12	c19	SYPL1
9.69768256081732e-17	1.98611120161459	0.596	0.15	3.25240877724691e-12	c19	DDAH2
1.90099941617916e-16	2.11590199785891	0.426	0.083	6.37557184198168e-12	c19	SLC39A13
2.54323905221001e-16	2.66943864100583	0.745	0.282	8.52951513330195e-12	c19	CSRP1
2.66951074775883e-16	2.19493466956644	0.617	0.171	8.95300514583357e-12	c19	LAMP2
3.13360513711384e-16	2.19504793663408	0.489	0.111	1.05094849088524e-11	c19	ECE1
3.13374309561486e-16	2.19475110489413	0.574	0.149	1.05099475940731e-11	c19	CYB5A
4.22238865108345e-16	2.37220856736885	0.489	0.11	1.41610470580037e-11	c19	PXK
4.22697089046794e-16	1.79151158294791	0.957	0.682	1.41764149724514e-11	c19	SQSTM1
5.74061940371601e-16	1.22698163030195	0.957	0.738	1.92528893561828e-11	c19	TMEM59
9.20714544341136e-16	1.6589538312561	0.362	0.063	3.0878924388113e-11	c19	CAMK1
9.40320868537346e-16	1.87422495822519	0.468	0.1	3.15364812890055e-11	c19	MAPK3
9.63639151372628e-16	2.32782971515319	0.489	0.116	3.23185298587352e-11	c19	ICAM1
9.92873896050629e-16	1.98254053409252	0.426	0.086	3.3299004725746e-11	c19	HYI
1.64268550132013e-15	4.67022663073656	0.468	0.112	5.50923863432746e-11	c19	ACTA2
2.07227443161384e-15	1.80472241184876	0.532	0.129	6.9499939887465e-11	c19	ODF3B
2.51998994594192e-15	1.75173957319025	0.66	0.185	8.45154228069999e-11	c19	C5orf15
3.53754188197884e-15	1.3597833839163	0.915	0.641	1.18642079637806e-10	c19	SNX3
3.95609548039624e-15	3.14564885503301	0.766	0.313	1.32679530221529e-10	c19	PRNP
4.1372284941986e-15	2.0581477285257	0.362	0.067	1.38754369238433e-10	c19	SSFA2
5.04680069462231e-15	2.09166289704591	0.489	0.114	1.69259601696243e-10	c19	KLF9
5.76071283828076e-15	1.90239690131214	0.809	0.305	1.9320278717026e-10	c19	HDLBP
7.32542430163501e-15	2.19838450822561	0.404	0.082	2.45680080228235e-10	c19	TP53I11
9.20372358079986e-15	2.07030804236862	0.362	0.068	3.08674481452866e-10	c19	SIAH1
1.16288987872092e-14	1.82965078469772	0.447	0.098	3.90010007525423e-10	c19	OAZ2
1.17282890514903e-14	1.40374837079351	0.532	0.124	3.93343358208881e-10	c19	LTBP3
1.17906473249486e-14	1.03400648713949	1	0.905	3.95434729984125e-10	c19	PPIB
1.48711576778103e-14	1.86341489284323	0.426	0.088	4.987488861984e-10	c19	IFIT5
1.56189579072411e-14	1.96605180622444	0.66	0.21	5.23828610293052e-10	c19	PLSCR1
1.69009523704354e-14	1.82634149810098	0.787	0.302	5.66824140599662e-10	c19	HSBP1
1.76238956601385e-14	1.67989321699879	0.383	0.074	5.91070212649725e-10	c19	DIAPH2
1.96435742831527e-14	2.20000934893452	0.702	0.245	6.58806194308377e-10	c19	LAP3
2.13215447717772e-14	2.01346540473557	0.66	0.22	7.15081968555863e-10	c19	NPTN
2.56953592402305e-14	1.96174049998126	0.511	0.127	8.61770958198849e-10	c19	ANXA4
2.58661218832903e-14	2.32494867545955	0.319	0.057	8.6749799572179e-10	c19	PLAGL1
2.61555081711697e-14	2.14670629196785	0.809	0.316	8.7720343304469e-10	c19	COMT
3.1323366285233e-14	2.50983079928647	0.468	0.115	1.05052305847414e-09	c19	FAM210B
3.7545124832529e-14	1.23747903114238	0.511	0.116	1.25918839663336e-09	c19	SPART
3.75513092308534e-14	1.75979628740437	0.511	0.125	1.25939580898436e-09	c19	SMIM3
4.50853215673221e-14	3.11770129834566	0.319	0.06	1.51207151472485e-09	c19	HEG1
4.52208514903618e-14	1.79824603415686	0.596	0.169	1.51661691728375e-09	c19	FLYWCH2
4.7399780472459e-14	1.99514213911547	0.319	0.057	1.58969383748533e-09	c19	ROCK2
5.26521311801371e-14	1.58041921499519	0.489	0.117	1.76584717551944e-09	c19	MAGEH1
5.6561547971321e-14	1.70316054149104	0.745	0.253	1.89696119586217e-09	c19	ZBTB20
7.4335487283073e-14	1.07082505764596	1	0.68	2.4930635724997e-09	c19	TUBA1B
7.59363511274535e-14	2.03223679085675	0.426	0.095	2.54675334411253e-09	c19	SCCPDH
7.7664219927478e-14	1.83268882929748	0.489	0.118	2.60470260792776e-09	c19	HSD17B4
9.83220367162828e-14	1.59636956103997	0.851	0.39	3.29752446739069e-09	c19	NENF
1.16761929474439e-13	3.62573749765497	0.319	0.062	3.91596159071375e-09	c19	ADAM15
1.61889120430154e-13	1.54404590458651	0.638	0.193	5.42943732098651e-09	c19	TCEAL8
2.22980049967511e-13	1.7739102292425	0.511	0.133	7.47830491581039e-09	c19	CDK16
2.37396062039367e-13	1.67136832541061	0.383	0.079	7.96178912867629e-09	c19	SUN1
2.51707386394826e-13	2.38025479875622	0.319	0.06	8.44176232490966e-09	c19	MANBAL
3.05014704333957e-13	1.7652549201484	0.447	0.106	1.02295831539522e-08	c19	GSTM2
3.42862871760185e-13	1.83318994848611	0.34	0.066	1.14989349930931e-08	c19	G6PC3
3.47412678707474e-13	2.03308897846457	0.574	0.168	1.16515264184913e-08	c19	BEX4
3.588984134166e-13	1.34087204680057	1	0.866	1.20367349891659e-08	c19	CALM2
4.76607654669386e-13	2.05063034375847	0.468	0.12	1.59844675223019e-08	c19	SWI5
5.43250332751625e-13	1.5858632185209	0.489	0.118	1.8219529659824e-08	c19	DLGAP4
5.57763989239223e-13	1.66604302118181	0.617	0.189	1.87062886711051e-08	c19	BCAP29
7.25722531602894e-13	1.23820188344998	0.936	0.683	2.43392822648979e-08	c19	DYNLL1
8.25868608860442e-13	1.33489671923654	1	0.973	2.76979814039615e-08	c19	ITM2B
9.04541888600727e-13	1.73379244373041	0.702	0.244	3.03365258598912e-08	c19	ASAH1
9.08914655135162e-13	1.40043732936473	0.872	0.459	3.04831797039231e-08	c19	ARF4
1.03746311102699e-12	1.64661436947866	0.34	0.067	3.47944378176234e-08	c19	CD99L2
1.05354417391758e-12	1.50598474657044	0.34	0.066	3.53337645048479e-08	c19	ARHGAP12
1.07931039390164e-12	2.38260435928361	0.447	0.115	3.61979119906732e-08	c19	SPTSSA
1.11074941965715e-12	2.18002534654711	0.426	0.103	3.72523140364614e-08	c19	TMED1
1.12305000827498e-12	1.72737270510282	0.404	0.092	3.76648511775263e-08	c19	ILVBL
1.18224686649682e-12	1.91205147701782	0.511	0.142	3.96501954085705e-08	c19	DYNC1LI2
1.23022240287525e-12	1.4518988800017	0.745	0.276	4.12591989476301e-08	c19	REXO2
1.3256702372222e-12	1.78889798572574	0.702	0.256	4.4460328415958e-08	c19	GRINA
1.44296785014664e-12	1.29844095514958	0.404	0.087	4.83942557582181e-08	c19	ZSCAN18
1.53784178888168e-12	1.81838190961483	0.596	0.182	5.15761379155138e-08	c19	MPST
1.64264027143119e-12	1.67476634611894	0.574	0.169	5.50908694232592e-08	c19	EMC2
1.64918965263176e-12	2.03326589742479	0.383	0.086	5.53105225699641e-08	c19	C11orf24
1.82397805725653e-12	1.85302985334798	0.362	0.077	6.11725760842695e-08	c19	PCYOX1
2.32623033640098e-12	1.83860451860267	0.468	0.123	7.80171130222161e-08	c19	CREB3
2.45955789084193e-12	1.74987212785854	0.574	0.182	8.24886525430567e-08	c19	SEPT11
2.53021427012766e-12	1.06508037224251	0.979	0.682	8.48583261915413e-08	c19	NME2
2.54841957690825e-12	2.3418774555912	0.383	0.088	8.5468895770349e-08	c19	CHPF
2.6481873412581e-12	1.73377791662015	0.404	0.092	8.88149070511143e-08	c19	LINC02256
2.72564616091164e-12	1.50604359718076	0.83	0.375	9.14127209446546e-08	c19	OS9
2.81254337383611e-12	1.57380560957257	0.851	0.42	9.43270796717154e-08	c19	YWHAE
2.88556765116626e-12	1.1662804618804	0.936	0.765	9.67761678848139e-08	c19	PDIA3
3.49958519419686e-12	1.63390715461119	0.702	0.246	1.17369088242974e-07	c19	PSMB5
3.75915922416355e-12	1.99569939182082	0.511	0.149	1.26074682059997e-07	c19	GSTM1
3.76694201154698e-12	1.67594323413897	0.553	0.168	1.26335701183263e-07	c19	HACD3
3.86046227098766e-12	1.83858610063666	0.34	0.071	1.29472183644384e-07	c19	TCAF1
3.9826529436009e-12	1.05705418113029	1	0.769	1.33570214422487e-07	c19	S100A11
4.06760286684403e-12	2.58959544120469	0.319	0.066	1.36419264948215e-07	c19	PCBP4
4.30745488721049e-12	1.64270604600052	0.362	0.078	1.44463422007265e-07	c19	PIP4P2
4.61499054675989e-12	1.2475378244502	0.936	0.674	1.54777552957233e-07	c19	EID1
4.71363014276749e-12	1.953910561205	0.34	0.071	1.58085727728136e-07	c19	ARHGAP5
4.78322792647231e-12	1.33783869464631	0.872	0.392	1.60419898198028e-07	c19	LRPAP1
4.82257007310139e-12	1.65842465061182	0.468	0.12	1.61739355111674e-07	c19	IFT52
5.2960236688014e-12	1.79553262340211	0.489	0.132	1.77618041804261e-07	c19	DNAJB4
5.41654869767773e-12	1.44887818959077	0.894	0.629	1.81660210222716e-07	c19	BSG
5.42959552444769e-12	2.48856809067014	0.426	0.115	1.82097774698927e-07	c19	PDLIM7
6.70067688426285e-12	1.75294523513402	0.447	0.113	2.24727301344407e-07	c19	ARFIP1
7.15040495221589e-12	1.43539392651667	0.319	0.063	2.39810281287417e-07	c19	STRN3
8.3513951255108e-12	1.89412533478281	0.468	0.123	2.80089089719381e-07	c19	CHPT1
8.56408569681741e-12	1.85413377595908	0.383	0.09	2.87222306099862e-07	c19	NF1
9.1535141998432e-12	2.68007019365822	0.362	0.084	3.06990559234341e-07	c19	CD248
9.28256094516319e-12	1.82844671591043	0.383	0.089	3.11318528978883e-07	c19	DSE
1.03370032686912e-11	1.29079316848521	0.894	0.449	3.46682415625365e-07	c19	TMEM179B
1.22311647267359e-11	1.64658855928029	0.489	0.136	4.10208802605268e-07	c19	BLVRB
1.34878971225898e-11	1.62380866995581	0.532	0.161	4.52357093697417e-07	c19	ZNF580
1.48298548413817e-11	1.8920329621323	0.532	0.16	4.97363671670258e-07	c19	VAMP3
1.50505595305385e-11	1.5387696310077	0.936	0.82	5.04765665535202e-07	c19	JUN
1.54184560645422e-11	1.66849869818443	0.574	0.176	5.17104179492616e-07	c19	NCSTN
1.69342061491973e-11	1.65742477457669	0.766	0.322	5.67939405831779e-07	c19	MAGED2
2.1606945649294e-11	5.04076367187518	0.553	0.23	7.24653743186023e-07	c19	FABP5
2.43844311322394e-11	1.54072937164459	0.383	0.09	8.17805051313044e-07	c19	TIMM21
2.55864318458787e-11	1.61304756822614	0.468	0.127	8.58117751247078e-07	c19	CRK
2.67618461237253e-11	1.99865831157517	0.426	0.115	8.97538795297499e-07	c19	STX7
2.74257624143627e-11	1.56907306360594	0.723	0.293	9.19805219852896e-07	c19	GNPTG
2.74942201763494e-11	1.30498306818557	0.404	0.095	9.22101156274407e-07	c19	PIAS3
2.75051501126562e-11	1.4727611406929	0.404	0.098	9.22467724478263e-07	c19	PLA2G12A
2.86800812871688e-11	1.47267009321317	0.66	0.227	9.61872566209068e-07	c19	BAD
3.09800761815943e-11	1.06716536212048	0.957	0.737	1.03900979497831e-06	c19	MORF4L1
3.10789901968808e-11	1.37823512645187	0.511	0.142	1.04232717322299e-06	c19	MVB12A
3.25538782933776e-11	1.72147849601457	0.638	0.222	1.0917919702033e-06	c19	AK3
3.2843401026847e-11	1.48068480917406	0.553	0.171	1.10150198363839e-06	c19	SLC39A7
3.38002242880522e-11	1.6561551282207	0.426	0.109	1.13359192217269e-06	c19	FBXL12
3.5342170632909e-11	1.86288279913529	0.319	0.068	1.1853057186865e-06	c19	ASAP1
3.77847153470218e-11	1.36859479445173	0.426	0.104	1.26722378330842e-06	c19	SERTAD3
3.94312876459313e-11	1.29390335418822	0.787	0.307	1.32244652506925e-06	c19	PTOV1
4.63660018811935e-11	1.2027577058532	0.872	0.496	1.55502297109147e-06	c19	NUCB1
4.84245252695588e-11	1.91007724046268	0.404	0.101	1.62406172849046e-06	c19	BOD1
5.30927310659785e-11	0.909137943719427	1	0.996	1.78062401449079e-06	c19	FTH1
5.42559228026332e-11	1.2659365263236	0.851	0.436	1.81963513895471e-06	c19	WASF2
5.67257704617115e-11	1.50045198757553	0.596	0.188	1.90246888974488e-06	c19	MRPL17
6.14549803763434e-11	1.76974856707921	0.426	0.112	2.0610771318618e-06	c19	MOCS2
6.19307385853259e-11	1.52503138165007	0.723	0.296	2.07703311067466e-06	c19	CDIPT
6.3168726434955e-11	2.54281312231693	0.426	0.119	2.11855274717552e-06	c19	CNP
6.39549692312365e-11	1.40971131512978	0.532	0.156	2.14492175807721e-06	c19	SSBP2
7.31394918236085e-11	1.4654370959606	0.383	0.092	2.45295227678018e-06	c19	GPR137
7.54675485773400e-11	1.52650144366141	0.426	0.111	2.53103064418683e-06	c19	EXOSC4
9.73631167444463e-11	1.55052161450633	0.66	0.243	3.26536420937524e-06	c19	CDK4
1.03943408879532e-10	1.43330526352948	0.447	0.12	3.48605404700174e-06	c19	NUDT3
1.04058729425996e-10	1.44238453461373	0.426	0.11	3.48992166748905e-06	c19	AKIP1
1.06469740440483e-10	1.73439645627581	0.787	0.43	3.57078215489292e-06	c19	SOCS3
1.20797340732536e-10	1.44625447843268	0.723	0.267	4.0513012134878e-06	c19	ADD1
1.30530852205508e-10	1.06627112119657	0.872	0.483	4.37774372126834e-06	c19	HSPA1B
1.46856779562554e-10	1.40713519434126	0.723	0.272	4.92528267296893e-06	c19	CUEDC2
1.46977832025937e-10	1.71088820040224	0.319	0.071	4.92934253048589e-06	c19	CLCN7
1.57173432045396e-10	1.32579940684161	0.872	0.415	5.2712825639385e-06	c19	KDELR2
1.58939903284177e-10	0.835476544610709	1	0.985	5.33052647634472e-06	c19	FTL
1.61984312453114e-10	1.83181211192605	0.383	0.096	5.43262987105253e-06	c19	TFE3
1.77268375035309e-10	1.99403737573685	0.489	0.152	5.94522676193418e-06	c19	NDRG1
1.83185341482968e-10	1.85294174408237	0.894	0.71	6.1436699826558e-06	c19	IER2
1.84754448581069e-10	1.47815018902051	0.702	0.286	6.19629469651191e-06	c19	SEC31A
1.94606621595729e-10	1.7542112885473	0.319	0.071	6.52671687507757e-06	c19	CEP170
1.98659681703277e-10	1.13708754919204	0.979	0.767	6.66264840496452e-06	c19	CALR
2.002973864679e-10	1.29599964872011	0.83	0.337	6.71757374736042e-06	c19	ERP44
2.19739681130369e-10	1.59882859345792	0.447	0.128	7.3696294257503e-06	c19	TM2D2
2.25771268624688e-10	1.07445926811079	0.957	0.668	7.57191680713479e-06	c19	RABAC1
2.45176420586151e-10	1.36549992945692	0.404	0.102	8.22272679361833e-06	c19	SPIN1
2.86566698155803e-10	1.66845603886607	0.511	0.155	9.61087392274931e-06	c19	BSCL2
3.03765949569189e-10	1.47766079648354	0.468	0.135	1.01877024166514e-05	c19	IFT57
3.04017411961571e-10	1.14537765893215	0.489	0.138	1.01961359623672e-05	c19	ELK3
3.41628180004948e-10	1.51956711249589	0.34	0.08	1.14575259010059e-05	c19	INPP1
3.45617705136437e-10	1.73543982165238	0.596	0.22	1.15913265948658e-05	c19	CCPG1
3.6873768478467e-10	1.93659937217675	0.34	0.082	1.23667244723083e-05	c19	BAG2
3.68789361056699e-10	1.27040852538088	0.872	0.498	1.23684575911196e-05	c19	CLTA
3.73928951836869e-10	1.47244677872066	0.681	0.287	1.25408291867049e-05	c19	RRAGA
3.79581391994304e-10	1.32518432103673	0.681	0.259	1.2730400724705e-05	c19	TFG
3.93086146491125e-10	1.78455324592931	0.383	0.098	1.31833231810194e-05	c19	NBPF15
3.94056035448486e-10	1.23629014629547	0.809	0.364	1.32158513168713e-05	c19	TMEM109
4.31603414537884e-10	1.00075281920609	0.745	0.293	1.44751153167715e-05	c19	KLF2
4.3981205509606e-10	1.58980324086375	0.362	0.089	1.47504167038117e-05	c19	NUDT9
4.67171425217788e-10	1.28487468873444	0.319	0.071	1.56679952589542e-05	c19	QKI
4.69854581353101e-10	1.69400061539385	0.532	0.171	1.57579829494203e-05	c19	KLF10
4.8787097078701e-10	1.36025871612058	0.66	0.243	1.63622166182547e-05	c19	HEXB
5.1014714477914e-10	1.68557333942811	0.511	0.169	1.71093149416028e-05	c19	SLC35B2
5.51262052189496e-10	1.36897343072187	0.404	0.104	1.84882267063313e-05	c19	HEXIM1
5.72937951172605e-10	1.51243409061531	0.362	0.09	1.92151930064268e-05	c19	DBN1
6.12223216593376e-10	0.920472433099386	0.915	0.731	2.05327422381087e-05	c19	TUBB
6.33421716651866e-10	1.27209292834928	0.979	0.743	2.12436975330703e-05	c19	TXNIP
6.82474735098912e-10	1.35468429503789	0.404	0.106	2.28888376657473e-05	c19	THRA
7.66800337801966e-10	1.98061095406307	0.489	0.16	2.57169497292023e-05	c19	TMEM204
7.88591332553603e-10	1.52257518616992	0.426	0.119	2.64477761111827e-05	c19	RERE
8.42897493438496e-10	1.21865302263513	0.532	0.164	2.82690961349403e-05	c19	GALK1
8.53834684342987e-10	1.31553667933629	0.702	0.283	2.86359076434951e-05	c19	SAT2
8.57961144472197e-10	1.37267667716826	0.83	0.423	2.87743008633085e-05	c19	ADH5
8.69449961124118e-10	1.36670420561905	0.426	0.116	2.91596127961807e-05	c19	IRF2BPL
8.74459503082822e-10	1.41748361573076	0.383	0.099	2.93276228143917e-05	c19	MTFR1L
9.15793261258586e-10	1.10240112881787	0.787	0.316	3.07138743960905e-05	c19	BNIP3L
9.6133017234506e-10	1.26094840126589	0.787	0.335	3.22410913201086e-05	c19	LMBRD1
1.0362681758612e-09	1.54326736581575	0.617	0.226	3.47543620820331e-05	c19	TMEM14A
1.09441955712847e-09	1.3404088582899	0.553	0.178	3.67046431069747e-05	c19	TSEN34
1.24250825977752e-09	1.82693289267398	0.596	0.251	4.16712420164185e-05	c19	TNFSF10
1.26163995951935e-09	1.17926812496463	0.702	0.249	4.23128809623599e-05	c19	DPM3
1.28217545652608e-09	1.68716329052301	0.383	0.103	4.30016004609717e-05	c19	NT5C3B
1.32941651670904e-09	1.335629417509	0.766	0.314	4.45859711373877e-05	c19	YIPF3
1.44515159718169e-09	1.69203880749219	0.787	0.384	4.84674942662796e-05	c19	CEBPB
1.45383536537578e-09	1.16132078764575	0.66	0.24	4.87587304839728e-05	c19	CLPTM1
1.46944959644953e-09	1.70004316857122	0.362	0.094	4.92824005657245e-05	c19	PJA1
1.54529372924251e-09	1.4490904756099	0.766	0.375	5.18260610913352e-05	c19	CTSB
1.61420663972038e-09	1.66956462428116	0.447	0.137	5.4137262282942e-05	c19	PHACTR2
1.62599497141811e-09	1.07607848237494	0.681	0.244	5.45326193514207e-05	c19	TM2D1
1.64517949060676e-09	1.50320790847984	0.34	0.084	5.51760297559694e-05	c19	BAZ2B
1.65468988070182e-09	1.85245382939692	0.936	0.669	5.54949892189776e-05	c19	TUBA1A
1.66170299193847e-09	1.56905890321506	0.383	0.103	5.57301949436325e-05	c19	SUMF1
1.68530151299996e-09	1.33215259246536	0.596	0.211	5.65216421429927e-05	c19	ARL1
1.78912779847252e-09	1.42267501864757	0.553	0.186	6.00037681051714e-05	c19	OAT
1.90106854283953e-09	1.2891074003088	0.447	0.129	6.37580367897523e-05	c19	CARD19
1.98032927200624e-09	1.30259965002104	0.404	0.109	6.64162831245454e-05	c19	FBXO8
2.05262550688325e-09	1.62058369529964	0.362	0.094	6.88409542498503e-05	c19	C8orf33
2.19354095812979e-09	1.39615213272753	0.638	0.257	7.35669766537568e-05	c19	PIGT
2.33350377329504e-09	0.914859615185056	0.957	0.884	7.82610495487691e-05	c19	TAGLN2
2.40169356702618e-09	1.53390836327592	0.617	0.247	8.05479988509239e-05	c19	SPRY1
2.72477738555261e-09	0.766169722896002	0.957	0.869	9.13835839566635e-05	c19	GABARAP
2.73590327279215e-09	1.72470534450509	0.511	0.176	9.1756723962903e-05	c19	C5orf24
3.09786432578392e-09	1.74519684530466	0.319	0.078	0.000103896173758141	c19	MUT
3.18076430761538e-09	1.08784129636399	0.957	0.571	0.000106676473348805	c19	LAMP1
3.25505777932827e-09	1.85193679226512	0.426	0.129	0.000109168127803111	c19	BAG3
3.5962370960013e-09	1.42910064307251	0.319	0.077	0.000120610599725692	c19	LACTB
3.91112819853832e-09	0.733633428703703	0.979	0.883	0.000131171417522578	c19	SKP1
3.91715870401743e-09	1.23020573371334	0.617	0.223	0.000131373668615337	c19	ZNF106
4.1145336626544e-09	2.7375209477472	0.362	0.101	0.000137993229978103	c19	MT1E
4.28756919406539e-09	1.86334244642469	0.362	0.098	0.000143796495630565	c19	DUSP6
4.41785677503644e-09	1.56309570438813	0.383	0.106	0.000148166080521172	c19	ERCC6L2
4.48760742306763e-09	1.20727257939048	0.809	0.472	0.000150505377754842	c19	RNH1
5.04350344510472e-09	1.18334879419819	0.787	0.388	0.000169149018541922	c19	NFE2L2
5.16819284709108e-09	1.32584659749702	0.894	0.583	0.000173330851705741	c19	PDIA6
5.49866478397109e-09	1.37123200047068	0.532	0.183	0.000184414219524822	c19	FEZ2
5.53958492350118e-09	1.5364235875828	0.532	0.172	0.000185786599164383	c19	MBNL2
5.58931877030607e-09	1.34693490047406	0.532	0.182	0.000187454572918525	c19	PLEC
5.61774959750778e-09	1.16786001132309	0.362	0.094	0.000188408086001216	c19	MAFF
5.76151710003756e-09	1.14940721452031	0.787	0.371	0.00019322976050106	c19	MTCH1
5.84198125627746e-09	1.21180520217051	0.894	0.482	0.000195928367373033	c19	ATP6AP2
5.98538667031607e-09	1.41460366519879	0.404	0.116	0.00020073789814906	c19	CUX1
6.00756021387589e-09	1.21465366209978	0.362	0.095	0.00020148155445297	c19	TMEM39B
6.48407534518855e-09	1.48393592979565	0.447	0.139	0.000217462918926934	c19	GLMP
6.50354226488269e-09	1.23674793469562	0.617	0.227	0.000218115800479636	c19	CTDSP2
7.40176400923994e-09	1.14337329407584	0.851	0.443	0.000248240361341889	c19	SBDS
8.19473460844416e-09	1.14561682095367	0.532	0.174	0.000274835009298	c19	MKKS
8.99340702202423e-09	1.47184591204243	0.511	0.173	0.000301620884704649	c19	VGLL4
9.04688992984675e-09	1.14564211899117	0.957	0.696	0.0003034145944672	c19	PEBP1
9.73343822040638e-09	2.75714682678329	0.34	0.098	0.000326440051035989	c19	ENDOD1
1.00351443336684e-08	1.83424157679751	0.34	0.091	0.00033655867066257	c19	GADD45G
1.12793457390297e-08	1.02611318557513	0.617	0.216	0.000378286697395578	c19	UNC50
1.14026917194768e-08	1.18821346176107	0.809	0.409	0.000382423474887812	c19	TMBIM4
1.15141849965141e-08	1.10648334405991	0.83	0.406	0.00038616273641309	c19	HMGN3
1.28489532379012e-08	1.40485474996604	0.638	0.247	0.000430928193692729	c19	ARL2
1.35075065932105e-08	1.04262589561305	0.851	0.502	0.000453014756123095	c19	SDF4
1.38108158479435e-08	1.21708285718547	0.766	0.404	0.000463187141908329	c19	TMEM14C
1.49403184916273e-08	1.23291597080786	0.383	0.105	0.000501068401572195	c19	CNPY4
1.53950327834581e-08	1.4346144971519	0.426	0.13	0.000516318609491617	c19	P4HA1
1.603232789829e-08	1.27877734865908	0.787	0.488	0.000537692213052851	c19	TUBB4B
1.65569228673929e-08	1.11219999883349	0.809	0.411	0.000555286079126624	c19	MRFAP1
1.77037643470521e-08	1.06923701266244	0.809	0.473	0.000593748848671434	c19	KDELR1
1.94497988917984e-08	0.809700270218057	1	0.887	0.000652307355233135	c19	IFITM2
2.22473110300328e-08	1.30843560353354	0.638	0.257	0.000746130317325242	c19	MORF4L2
2.61911807390531e-08	1.49763692035685	0.468	0.154	0.000878399819626362	c19	TPRA1
2.85728818188555e-08	1.22725020748618	0.617	0.252	0.000958277310440776	c19	RAB1A
3.144499160642e-08	1.63151412400466	0.404	0.128	0.00105460212849611	c19	ISOC2
3.22707077304119e-08	1.11736046613833	0.681	0.283	0.00108229499586255	c19	GPAA1
3.59631415440001e-08	1.05605011164967	0.468	0.149	0.00120613184110267	c19	RUFY1
3.59808297474289e-08	1.40775513970873	0.362	0.103	0.00120672506806927	c19	WDR11
3.59866237533378e-08	1.28979906947915	0.426	0.134	0.00120691938743944	c19	NDUFAF2
3.79090582794242e-08	1.1604079589387	0.702	0.306	0.00127139399657533	c19	PPT1
3.89743141148306e-08	1.25681275827611	0.511	0.177	0.00130712054678319	c19	CISD1
3.90751243678705e-08	1.08512134814238	0.723	0.342	0.00131050152104964	c19	CTSA
3.94728521732367e-08	1.00055200732064	0.532	0.178	0.00132384051618601	c19	MBTPS1
4.25745987321658e-08	1.21725917152982	0.426	0.131	0.00142786689227938	c19	ZNF280D
4.30275512165814e-08	1.80360084129828	0.383	0.117	0.00144305801270171	c19	ISYNA1
4.62227135280328e-08	1.39257086352478	0.319	0.085	0.00155021736630316	c19	PRADC1
4.8960700906285e-08	1.26330563596157	0.489	0.167	0.00164204398699499	c19	POR
4.91725666555956e-08	1.77780082712402	0.319	0.087	0.00164914954049537	c19	B4GALT7
5.41607293617289e-08	0.660884724346039	1	0.943	0.00181644254133367	c19	RHOA
5.57912675864586e-08	1.36487253115279	0.638	0.274	0.00187112753231465	c19	CHMP4B
5.77739409424081e-08	1.59812198737831	0.383	0.12	0.00193762243132648	c19	PTS
5.80171146001544e-08	1.58512509734396	0.404	0.13	0.00194577798945998	c19	TCTA
5.82335134519799e-08	1.41430561852324	0.34	0.096	0.0019530355741525	c19	NUDCD1
7.17452984570303e-08	1.43354819096078	0.66	0.33	0.00240619381965188	c19	SERTAD1
7.22710546727491e-08	1.18521181568232	0.404	0.124	0.00242382663161466	c19	NTPCR
7.4701990853128e-08	1.3168242586588	0.489	0.174	0.00250535536923221	c19	DESI2
7.51791139154044e-08	1.21248140241515	0.745	0.337	0.00252135712249483	c19	SLIRP
7.53231912381747e-08	1.23768456377473	0.404	0.125	0.0025261891877459	c19	DPAGT1
7.54576929699633e-08	1.25830044506479	0.426	0.138	0.00253070010682663	c19	NIT1
8.1494080220875e-08	1.38919438623024	0.638	0.281	0.0027331484624477	c19	CAT
8.56903258617187e-08	1.09654325848654	0.596	0.226	0.00287388214875032	c19	GUSB
8.56924363808273e-08	1.09767570029774	0.447	0.144	0.00287395293134019	c19	PLIN3
8.757561285951e-08	1.17685482565427	0.34	0.094	0.00293711090408225	c19	IFT43
8.85263131309259e-08	1.12423797180221	0.638	0.245	0.00296899548978499	c19	CCDC47
8.91310575707587e-08	1.52342223319976	0.362	0.107	0.00298927740880811	c19	ATP2C1
8.91783544900696e-08	1.66902890794101	0.319	0.09	0.00299086365288795	c19	ZMIZ1
1.01539299531833e-07	1.73012995166597	0.66	0.305	0.00340542502769861	c19	TACC1
1.05021426639132e-07	1.03380808800206	0.766	0.364	0.0035222086066232	c19	ACADVL
1.05592381273466e-07	1.16178092594198	0.638	0.256	0.00354135728314949	c19	MRPL27
1.07201512092403e-07	1.37450066278688	0.426	0.138	0.003595324312555	c19	AAAS
1.09009002604676e-07	1.01856744166799	0.872	0.547	0.00365594392935564	c19	AP2M1
1.18293196811559e-07	1.26405968241995	0.638	0.278	0.00396731723466607	c19	AKR7A2
1.20898174292617e-07	1.26658146629984	0.447	0.15	0.0040546829694258	c19	FUT8
1.30006422584202e-07	1.1136172473766	0.34	0.095	0.00436015540062896	c19	FAM174A
1.30393741501494e-07	1.28360371202406	0.872	0.458	0.00437314530247709	c19	WSB1
1.31032649067259e-07	1.59778951372709	0.489	0.19	0.00439457298441774	c19	STT3A
1.31419710795946e-07	1.29976094174276	0.66	0.31	0.00440755426067444	c19	ERLEC1
1.42336219563143e-07	1.03523066824002	0.468	0.156	0.00477367213170868	c19	FOXO3
1.48666330003469e-07	0.901934586330508	0.34	0.094	0.00498597137565634	c19	ZHX1
1.53489917728697e-07	1.27340003494698	0.426	0.138	0.00514774486078504	c19	MCFD2
1.55860244877214e-07	0.992031503214184	0.362	0.104	0.00522724089269199	c19	SNX27
1.64820463372539e-07	1.26630376684107	0.489	0.178	0.00552774870058822	c19	REV3L
1.65022565667897e-07	1.33560029444458	0.638	0.275	0.00553452680736994	c19	HCFC1R1
1.71416436357673e-07	1.21186698175037	0.553	0.212	0.00574896444256363	c19	PEPD
1.73145472345364e-07	1.14865083744059	0.723	0.433	0.00580695285151882	c19	ITM2C
1.81380735199041e-07	1.53697760712665	0.957	0.837	0.00608314709710542	c19	S100A10
1.81530719520024e-07	0.981424081521218	0.596	0.224	0.00608817727126257	c19	GLRX5
1.94748646997736e-07	1.05426562822826	0.511	0.177	0.00653148012301007	c19	BNIP3
1.95747748206222e-07	1.41417179040951	0.383	0.12	0.00656498797934027	c19	YIPF2
1.99104858115311e-07	1.48152633622867	0.638	0.264	0.00667757873147131	c19	CTNNB1
2.00726019931868e-07	0.893916406495596	0.915	0.688	0.00673194925647498	c19	HSPA5
2.07768971195048e-07	1.07753748340904	0.383	0.117	0.00696815575593951	c19	GOLGA5
2.11413602080474e-07	0.691775141408911	1	0.777	0.00709038938657493	c19	DAD1
2.24372403939181e-07	1.33858501138225	0.574	0.233	0.00752500168331226	c19	HMG20B
2.30060281636961e-07	1.04931436717704	0.468	0.159	0.00771576172554041	c19	DGCR2
2.32384602937478e-07	1.51744637483753	0.383	0.122	0.00779371481331714	c19	YIPF1
2.35865460030394e-07	1.18181860473509	0.532	0.198	0.00791045579849937	c19	SLC1A5
2.48622994941864e-07	1.44420787848265	0.553	0.218	0.00833831800436022	c19	WDR45
2.54881021647546e-07	1.33477753844471	0.383	0.122	0.00854819970401541	c19	RABEPK
2.62214706083214e-07	1.32549953999108	0.319	0.091	0.00879415681261882	c19	HGSNAT
2.63782808496027e-07	0.957998055525703	0.511	0.181	0.00884674783133976	c19	PTPA
2.68611992201782e-07	1.82021999499434	0.426	0.148	0.00900870899446337	c19	PDE4DIP
2.74276204376715e-07	1.30764965304772	0.745	0.352	0.00919867534238627	c19	POLR2F
2.94213246662086e-07	1.16123073416448	0.447	0.155	0.00986732386655303	c19	PAPSS1
3.05099441488088e-07	1.75259964849848	0.787	0.402	0.0102324250686275	c19	VAMP5
3.11117344699758e-07	1.42683380692294	0.34	0.102	0.0104342535065405	c19	VPS35L
3.24249443219862e-07	1.7120251543191	0.34	0.103	0.0108746778267077	c19	EIF2AK4
3.35539218082321e-07	1.24742583327882	0.511	0.188	0.0112533142960449	c19	SEC22C
3.46439057940827e-07	1.73076901321371	0.362	0.113	0.0116188731252195	c19	SNTB2
3.53004941885478e-07	1.0304509078401	0.83	0.426	0.0118390797409552	c19	TMEM35B
3.60895193523956e-07	1.14810615106092	0.617	0.258	0.0121037030004064	c19	RNF13
3.66382372286796e-07	1.40857288157889	0.404	0.137	0.0122877320017546	c19	NANS
3.70704186447899e-07	1.25139688289327	0.936	0.931	0.0124326770050897	c19	ZFP36
3.82767893643653e-07	0.900895626965466	0.894	0.527	0.0128372696170208	c19	SEC11A
4.10017576765573e-07	1.15718370110354	0.404	0.13	0.0137511694895638	c19	TSPAN31
4.45845212388621e-07	1.53497157073875	0.383	0.124	0.0149527567330896	c19	REPIN1
4.5607814367788e-07	0.942896950063267	0.745	0.352	0.0152959487826687	c19	RCN2
4.59438755727938e-07	1.74447303589936	0.362	0.119	0.0154086569896036	c19	ZDHHC4
4.83383342275049e-07	1.19721567601758	0.787	0.418	0.0162117105332206	c19	MVP
4.9435442661995e-07	1.02632060938302	0.617	0.247	0.0165796587599799	c19	GNL1
4.97041031147585e-07	1.98940784642384	0.723	0.411	0.0166697621026277	c19	TGFBR2
5.14291227217276e-07	1.07021580325264	0.468	0.179	0.017248299178413	c19	ATF3
5.19736228164953e-07	0.974576236663463	0.362	0.11	0.0174309136201962	c19	PGRMC2
5.2553480393572e-07	1.22218472478852	0.851	0.645	0.0176253862543962	c19	BST2
5.26084949027324e-07	1.15822922427892	0.404	0.134	0.0176438370204784	c19	HIBADH
5.31971146110358e-07	1.58844346825116	0.319	0.098	0.0178412482982492	c19	AHCYL1
5.34767872707082e-07	1.61143875507586	0.447	0.163	0.0179350449148501	c19	MAP4K5
5.44019895707869e-07	1.02325891477227	0.383	0.121	0.0182453392622505	c19	AIDA
5.63282309615596e-07	0.934152461612995	0.468	0.163	0.0188913620998878	c19	HEBP2
6.36673554925631e-07	2.49085374537972	0.83	0.699	0.0213527576850958	c19	CTSC
6.39493839191283e-07	1.09785285381204	0.66	0.309	0.0214473443787972	c19	TMEM165
6.39615819969229e-07	1.33285057045796	0.426	0.151	0.021451435370128	c19	MCUR1
6.81897013062081e-07	0.986347983764926	0.809	0.441	0.0228694620240761	c19	SERINC1
6.835716664842e-07	0.842138645271389	0.638	0.273	0.0229256265505471	c19	NEU1
6.85162729620425e-07	0.989359296326739	0.426	0.141	0.0229789876260098	c19	TMEM115
7.1793910817725e-07	1.20508160239032	0.532	0.197	0.0240782418100486	c19	OSBPL9
7.22274028215292e-07	0.894264615396463	0.936	0.701	0.0242236263582845	c19	GNG5
7.22759214629141e-07	0.969017342440548	0.83	0.446	0.0242398985402321	c19	RAB2A
7.30841393449964e-07	1.07514260938737	0.553	0.212	0.0245109586535249	c19	ARMCX3
7.44264651656499e-07	1.19184170838432	0.34	0.103	0.0249611478872557	c19	SLC35A1
7.95382201953864e-07	1.96692127893539	0.319	0.097	0.0266755282891287	c19	WRB
8.33520287332793e-07	1.13991814566504	0.404	0.133	0.0279546033965672	c19	MFSD14B
8.33537022269068e-07	1.21703530677422	0.702	0.369	0.02795516465286	c19	FLOT1
8.46396682996387e-07	0.964959071027267	0.468	0.162	0.0283864519543328	c19	CASC4
8.59279432551749e-07	0.882449194286785	0.468	0.159	0.0288185136089206	c19	WASHC4
8.64055320661917e-07	0.954251346916752	0.723	0.341	0.0289786873443594	c19	DARS
8.87168739610462e-07	1.17072218209636	0.383	0.125	0.0297538651890557	c19	GPN3
9.06794952546848e-07	1.08459276603486	0.489	0.185	0.0304120891185162	c19	FAM3C
9.08283650646227e-07	0.966337483395823	0.809	0.429	0.0304620170753732	c19	PRDX3
9.08982608242741e-07	1.50791950846868	0.362	0.118	0.030485458715245	c19	MBIP
9.24044518467341e-07	2.52385740532612	0.574	0.274	0.0309906050603577	c19	SOD2
9.61335352879611e-07	0.908182412210647	0.66	0.28	0.0322412650648764	c19	NIFK
9.62785058233703e-07	1.57290518344706	0.383	0.135	0.0322898852830419	c19	ABHD5
9.89466159252004e-07	1.35594073997627	0.362	0.118	0.0331847160489937	c19	BCKDK
1.00054083487436e-06	0.551933275599017	0.979	0.933	0.0335561385200161	c19	UBB
1.01016608301443e-06	1.16895394509713	0.766	0.39	0.0338789500921381	c19	ILK
1.01660252581334e-06	1.30621589396631	0.34	0.108	0.0340948155107278	c19	ABI2
1.05888215710714e-06	1.35193802490833	0.34	0.107	0.0355127897850593	c19	HSDL2
1.06951529885152e-06	0.92526857946117	0.574	0.225	0.0358694040928823	c19	USP48
1.07106200062568e-06	1.58755157695088	0.319	0.1	0.035921277376984	c19	PIGK
1.0715979490719e-06	1.61436502258432	0.362	0.125	0.0359392520159733	c19	HDHD5
1.07804798338491e-06	1.03366831622358	0.532	0.196	0.036155573266763	c19	TMEM120A
1.11494127943806e-06	1.44966027626025	0.34	0.111	0.0373929006297937	c19	ANTXR2
1.11825621756585e-06	1.09069474889517	0.702	0.337	0.0375040770247234	c19	ESD
1.122034995591e-06	0.951767868428627	0.574	0.229	0.0376308096821309	c19	KEAP1
1.12402249895097e-06	0.893104613551046	0.596	0.242	0.0376974665698175	c19	NORAD
1.14789492262187e-06	1.144885312236	0.596	0.261	0.0384980999148922	c19	TMEM87A
1.15632488131997e-06	1.13413552770272	0.468	0.17	0.0387808238697091	c19	RBM7
1.15953092998032e-06	1.08916370680255	0.553	0.222	0.0388883483296798	c19	COMMD4
1.25385607655228e-06	1.05895789329675	0.66	0.288	0.0420518250954105	c19	PFKL
1.27477719373371e-06	1.03873782699387	0.489	0.182	0.0427534775234413	c19	UROD
1.28297435863417e-06	0.93378432456961	0.532	0.205	0.0430283940398729	c19	NOC2L
1.28731497978923e-06	1.505656287668	0.489	0.197	0.0431739697921711	c19	KDSR
1.40775463880934e-06	1.21329413170014	0.426	0.154	0.0472132750763877	c19	LIMA1
1.43106575176415e-06	1.25936008022078	0.383	0.127	0.047995083182666	c19	NKIRAS2
