p_val	avg_log2FC	pct.1	pct.2	p_val_adj	cluster	gene
0	1.72990984942579	0.922	0.327	0	c2	CD8B
0	1.41702439483608	0.971	0.384	0	c2	CD8A
0	2.17359670713676	0.615	0.147	0	c2	XCL2
0	1.40715775549371	0.714	0.265	0	c2	KLRD1
0	0.302273400587401	0.931	0.505	0	c2	NKG7
0	2.38930347777713	0.517	0.13	0	c2	XCL1
0	1.31513657869581	0.783	0.397	0	c2	CCL4
0	1.09880468327588	0.821	0.438	0	c2	HOPX
0	1.38188411509459	0.757	0.391	0	c2	ITM2C
0	1.22034127813449	0.807	0.442	0	c2	CTSW
0	1.69101476966819	0.521	0.212	0	c2	SPRY1
0	1.56430087108582	0.433	0.138	0	c2	CD160
0	0.561595370182232	0.481	0.189	0	c2	LINC02446
0	0.715478631626302	0.999	0.729	0	c2	CCL5
0	1.09285548247535	0.635	0.368	0	c2	CAPG
0	0.940018052381443	0.654	0.398	0	c2	ITGAE
0	1.31927119460457	0.406	0.183	0	c2	CCL4L2
0	0.482495107076961	0.992	0.929	0	c2	VIM
0	0.500276574994178	0.99	0.96	0	c2	MT-ND4
0	0.406202096105081	0.999	0.995	0	c2	MT-ND3
0	0.285428284675938	0.999	0.997	0	c2	MT-ND4L
7.76207928480003e-294	0.677759584083572	0.743	0.503	2.60324615053623e-289	c2	LINC01871
5.75009066246513e-293	0.334311865406635	0.979	0.872	1.92846540637755e-288	c2	CD7
3.22480374097645e-290	0.826129738068463	0.578	0.35	1.08153467864868e-285	c2	ITGA1
1.58861834553833e-270	0.277778893034923	1	0.997	5.32790820726647e-266	c2	MT-CYB
5.03991222230321e-266	1.13752669065001	0.43	0.238	1.69028576111605e-261	c2	GABARAPL1
1.35676558058449e-254	0.935803620046433	0.447	0.246	4.55032040416426e-250	c2	GPR15
4.12070560503897e-247	0.631660677028318	0.851	0.74	1.38200224581797e-242	c2	CKLF
4.5817690959305e-246	0.536673058679538	0.857	0.725	1.53663371939317e-241	c2	CD96
2.77480274797478e-240	0.574349340736656	0.919	0.825	9.30613345615782e-236	c2	NR4A2
7.50897484867869e-237	0.817321808329796	0.52	0.314	2.51835998474986e-232	c2	PTGER2
3.90420716427693e-236	0.782078270334631	0.493	0.287	1.3093929987552e-231	c2	AOAH
4.08558402504464e-223	0.551906470784815	0.847	0.713	1.37022317031947e-218	c2	PTGER4
1.18841604435576e-221	0.222568944413923	1	0.998	3.98570972956035e-217	c2	MT-CO1
3.59505045149134e-220	0.551443005165659	0.831	0.702	1.20570802042117e-215	c2	PDCD4
1.17235367839701e-212	0.416862689293285	0.854	0.684	3.9318397666079e-208	c2	ALOX5AP
2.62412681655878e-212	0.338675762059149	0.988	0.961	8.80079651737483e-208	c2	MT-ND2
4.88413728688067e-210	0.301872346836405	0.996	0.987	1.63804196327404e-205	c2	MT-ND5
1.47530248746537e-204	0.405943414155737	0.974	0.926	4.94786948246135e-200	c2	ZFP36
1.07837726159307e-197	0.476607461661228	0.841	0.697	3.61666165993084e-193	c2	FOSB
1.7305839049962e-196	0.250441087791699	0.998	0.996	5.80403230057625e-192	c2	MT-ATP6
5.96184744149437e-191	0.564179495521505	0.664	0.487	1.99948439492838e-186	c2	CD63
1.25046400639541e-179	0.957069175473166	0.335	0.181	4.19380618464892e-175	c2	MYBL1
9.4204128257811e-178	0.184036928504884	1	0.998	3.15941805351047e-173	c2	RPS19
1.62815604525694e-177	1.03438604357653	0.302	0.16	5.46050974458271e-173	c2	CD244
1.81436807958948e-176	0.343791062030693	0.911	0.688	6.08502766532719e-172	c2	ANXA1
2.52821621693252e-173	0.332309421345142	0.967	0.9	8.47913154834828e-169	c2	HCST
4.63440329067046e-169	0.355756263225681	0.926	0.826	1.55428617562506e-164	c2	S100A10
4.81891299123671e-169	0.316209044513188	0.956	0.881	1.61616703900097e-164	c2	FOS
5.50295969355347e-161	0.794832261208741	0.389	0.233	1.84558262202396e-156	c2	TMIGD2
3.34535729720719e-159	0.41499883235891	0.779	0.629	1.12196593033735e-154	c2	GZMM
4.94586303352913e-159	0.666282040215621	0.597	0.442	1.658743544185e-154	c2	RUNX3
1.57747027328108e-158	0.586227848566854	0.648	0.499	5.29051980253009e-154	c2	THEMIS
2.75281766219656e-155	0.695193252853744	0.486	0.324	9.23239987547483e-151	c2	MATK
1.25036025752193e-148	0.640499205102589	0.543	0.387	4.19345823167703e-144	c2	JAML
7.92334658439439e-148	0.521660828559874	0.573	0.403	2.65733197747419e-143	c2	LGALS1
1.49300956106721e-147	0.299587265661538	0.967	0.918	5.0072554659072e-143	c2	CD2
4.9802362284082e-147	0.173505450164299	1	0.998	1.67027162628354e-142	c2	MT-CO2
3.10571818864433e-145	0.797513845953839	0.434	0.29	1.04159576610754e-140	c2	LDLRAD4
7.12844561767926e-145	0.90443863449638	0.419	0.277	2.39073809125727e-140	c2	NR4A3
4.59019546396099e-144	0.190307937261828	0.999	0.996	1.53945975470324e-139	c2	RPL39
1.08239447578256e-143	0.235178907408022	0.997	0.996	3.63013459287954e-139	c2	MT-ATP8
1.77021925841032e-143	0.504100580528273	0.735	0.601	5.93696134885654e-139	c2	SCML4
7.15793885160781e-136	0.896541765804485	0.375	0.239	2.40062953205223e-131	c2	RASGEF1B
4.55340335412315e-134	0.164673007100235	1	0.996	1.52712041690582e-129	c2	RPLP2
4.14018948906526e-132	0.487030796830427	0.703	0.569	1.38853675084271e-127	c2	MYADM
9.97445003744492e-131	0.422912886634092	0.814	0.715	3.34523105355828e-126	c2	OSTF1
5.08106639173548e-130	0.791722752199412	0.331	0.2	1.70408804646025e-125	c2	SLAMF7
4.25477500943911e-127	0.219262505577453	0.989	0.971	1.42696644266569e-122	c2	ITM2B
1.3728886031967e-125	0.499002640351745	0.662	0.523	4.6043937974011e-121	c2	ABI3
9.74630634477945e-124	0.540372883828885	0.626	0.492	3.26871622191213e-119	c2	SYTL3
1.55653155151932e-123	0.453348897914166	0.704	0.586	5.2202955174855e-119	c2	DHRS7
2.93057087976204e-123	0.300932750173291	0.983	0.964	9.82854861654593e-119	c2	ZFP36L2
8.8157891295528e-121	0.252003270162861	0.955	0.886	2.95663935826942e-116	c2	S100A6
5.50321995266631e-120	0.481846328180497	0.649	0.511	1.84566990772523e-115	c2	PTPN22
1.34107861036905e-114	0.652756305280829	0.627	0.515	4.49770944345571e-110	c2	GADD45B
6.75682117904925e-114	0.691229192552841	0.385	0.253	2.26610268702954e-109	c2	TNFSF9
9.14653735919288e-114	0.860434397384736	0.356	0.236	3.06756569952611e-109	c2	TRG-AS1
2.21125025250019e-112	0.222741746811183	0.999	0.993	7.41609109683513e-108	c2	RPL41
5.24702366356629e-110	0.474045701843824	0.747	0.659	1.75974679628686e-105	c2	TUBA1A
4.11936770069602e-109	0.646342357247502	0.466	0.34	1.38155353945943e-104	c2	CD55
1.30110038756622e-106	0.139599800710166	1	0.997	4.36363047981959e-102	c2	RPS12
4.05074012128655e-106	0.20932994467451	0.983	0.969	1.35853722187708e-101	c2	RPL38
1.57873122389833e-105	0.43482353680923	0.412	0.277	5.29474877871022e-101	c2	EGR1
1.78561637118999e-104	0.535821786516303	0.649	0.532	5.98860018569699e-100	c2	NR4A1
4.19361876452323e-102	0.505965921928552	0.615	0.505	1.4064558612458e-97	c2	PARP8
9.33526749552452e-101	0.738318072084803	0.397	0.275	3.13086201264901e-96	c2	FASLG
2.88872432589709e-100	0.109473213470885	0.996	0.984	9.68820364419365e-96	c2	FTL
2.33470100363213e-99	0.909940951662736	0.306	0.2	7.83012022598145e-95	c2	UBXN11
4.7779595712402e-99	0.155092592535057	0.999	0.998	1.60243208100254e-94	c2	MT-CO3
7.14466915125092e-98	0.420743703657763	0.711	0.618	2.39617913994653e-93	c2	CSRNP1
9.98783309703936e-97	0.430414506951122	0.66	0.541	3.34971946408506e-92	c2	STOM
1.11985839530177e-96	0.596118235409587	0.351	0.228	3.75578108616308e-92	c2	CISH
1.59177239326305e-95	0.194465830281153	0.992	0.979	5.33848625252562e-91	c2	MYL12A
1.9771186047599e-95	0.989480409176262	0.415	0.294	6.63086037664376e-91	c2	IFNG
2.48966937784037e-94	0.526051543983774	0.523	0.401	8.34985315940104e-90	c2	MAP3K8
1.19901647293243e-93	0.155924657113014	0.998	0.986	4.0212614469208e-89	c2	CD3E
3.23721495533737e-92	0.264618799828376	0.905	0.86	1.08569715172105e-87	c2	RPL36A
7.89251192031353e-88	0.536473264124276	0.528	0.419	2.64699064783475e-83	c2	GPR65
2.75270532872e-85	0.445936123155661	0.586	0.475	9.23202313146113e-81	c2	FKBP11
2.73129578363519e-84	0.598284179758916	0.407	0.295	9.16021979915569e-80	c2	PRMT9
7.40641879967529e-83	0.279834452182785	0.783	0.689	2.4839647370351e-78	c2	CLDND1
1.78357495193511e-79	0.126088900713789	1	0.996	5.98175367379996e-75	c2	RPS18
5.85380747807652e-79	0.658185396187008	0.342	0.238	1.9632499519973e-74	c2	PERP
1.54324126154804e-76	0.142014689889043	0.998	0.989	5.1757225429798e-72	c2	RPL35
1.59553093305889e-76	0.488079557700894	0.516	0.413	5.3510916432929e-72	c2	GRAP2
3.67709402576704e-75	0.27214622472747	0.889	0.835	1.23322379436175e-70	c2	PGK1
3.35008256237031e-74	0.165423525978573	0.997	0.983	1.12355068976776e-69	c2	SH3BGRL3
3.96944067767099e-74	0.116620859637719	0.999	0.998	1.3312710144773e-69	c2	HLA-C
1.14609940507796e-73	0.393613902106071	0.627	0.533	3.84378818475048e-69	c2	CHCHD10
1.71221960463207e-73	0.098921822746834	1	0.999	5.74244211001502e-69	c2	RPLP1
1.5715184155554e-72	0.296780177504384	0.709	0.583	5.27055846208971e-68	c2	ID2
3.60946323201306e-72	0.140406413585096	0.999	0.994	1.21054177875254e-67	c2	RPS21
2.2880408708401e-69	0.150035725438056	0.996	0.991	7.67363147262352e-65	c2	MT-ND1
3.2307451900906e-68	0.546431179660993	0.42	0.322	1.08352732185259e-63	c2	LYAR
4.72498863827047e-67	0.273184922930501	0.814	0.749	1.58466668950315e-62	c2	PAXX
3.26405722781717e-65	0.0933970204694701	0.995	0.966	1.09469951306532e-60	c2	CD52
1.35733632788812e-64	0.110265360703028	1	0.997	4.55223457647118e-60	c2	RPS3
2.6510164923532e-64	0.283925137399724	0.685	0.554	8.89097911205417e-60	c2	RPS4Y1
3.6999182868158e-64	0.173450763263047	0.857	0.748	1.24087859503228e-59	c2	CXCR4
1.52929546753533e-63	0.405951365821916	0.563	0.469	5.12895113901999e-59	c2	AC020916.1
2.31800718154713e-61	0.264422708631566	0.828	0.77	7.77413248547275e-57	c2	SEPT7
2.86328287335046e-61	0.653423853533959	0.323	0.238	9.60287810064276e-57	c2	ARL2
5.29735079052876e-61	0.265276107081467	0.847	0.803	1.77662550812753e-56	c2	MT-ND6
5.47186637398763e-61	0.362398923892621	0.588	0.497	1.83515454450797e-56	c2	PLP2
1.3117764489656e-60	0.0965228285963171	1	0.997	4.39943585454081e-56	c2	RPL32
1.12546415885156e-59	0.229732039391928	0.729	0.623	3.77458169595637e-55	c2	GSTP1
3.99461581840438e-59	0.601852389389167	0.332	0.246	1.33971425317646e-54	c2	A1BG
4.92035727723351e-59	0.172026353132872	0.997	0.989	1.65018942363858e-54	c2	RPS29
7.43509035714182e-57	0.623985654805232	0.304	0.221	2.49358060397823e-52	c2	TNFSF14
1.02096820680061e-56	0.102270526113189	1	0.997	3.42412317196787e-52	c2	RPL34
1.29607290227752e-56	0.241200840154527	0.875	0.834	4.34676929965835e-52	c2	CD3G
2.64258232212997e-55	0.241752365427408	0.591	0.476	8.86269259195951e-51	c2	CXCR3
4.02801449546147e-55	0.0904096621884571	1	0.998	1.35091550148787e-50	c2	TPT1
6.19100184153859e-55	0.106947966077901	0.999	0.992	2.07633819761521e-50	c2	RPL21
1.91086231300385e-54	0.232199783098062	0.943	0.913	6.4086500253523e-50	c2	KLF6
7.01802948307127e-54	0.573410436468653	0.329	0.247	2.35370672803244e-49	c2	FAM173A
1.25930558260481e-53	0.340916272225004	0.461	0.36	4.22345906294002e-49	c2	RHOC
7.32318232815877e-52	0.0141684491263261	0.824	0.648	2.45604888921789e-47	c2	IL7R
1.25862269988497e-51	0.307847105886669	0.66	0.603	4.22116881087422e-47	c2	IDS
4.23784695395764e-51	0.13629010773805	0.982	0.964	1.42128911141831e-46	c2	CYBA
6.41596767418031e-51	0.26353544387813	0.777	0.72	2.15178723856659e-46	c2	POLR2L
1.79170629558699e-50	0.448091737102682	0.414	0.328	6.00902457413964e-46	c2	LAIR1
1.58606722697742e-49	0.550427143937473	0.325	0.248	5.31935226583687e-45	c2	USP11
1.71743630522371e-49	0.272540284624611	0.726	0.661	5.75993788045929e-45	c2	RABAC1
2.91746611112471e-49	0.339209369836105	0.526	0.441	9.78459784349006e-45	c2	GYG1
3.04715248085452e-49	0.35641214925159	0.528	0.448	1.02195399902899e-44	c2	STAT4
3.18837145180411e-49	0.376653694565524	0.591	0.528	1.06931601750606e-44	c2	ATP1A1
5.94590524001503e-49	0.19527254339585	0.897	0.864	1.99413769939624e-44	c2	CD48
7.17476471342785e-49	0.087515625710159	1	0.999	2.40627258958943e-44	c2	EEF1A1
8.9517575475594e-49	0.167879075861564	0.949	0.91	3.00224044630047e-44	c2	HSP90AB1
1.53272386450775e-48	0.165803771617118	0.972	0.952	5.14044929678611e-44	c2	PPDPF
1.76303296658981e-48	0.450953067079036	0.418	0.341	5.91285996334891e-44	c2	STN1
1.76431352310164e-48	0.156850316398212	0.953	0.906	5.91715469377828e-44	c2	CD99
2.69893048797718e-48	0.225688333413039	0.772	0.692	9.05167307057786e-44	c2	FYN
1.05913270411836e-47	0.477119483155208	0.392	0.313	3.55211926307217e-43	c2	MAGED2
1.88681489375716e-47	0.436558819591266	0.469	0.399	6.32799979068276e-43	c2	MFSD10
1.18462687496206e-46	0.256441748553135	0.591	0.5	3.97300161324777e-42	c2	ANXA2
3.52210268962118e-46	0.434816008297751	0.428	0.354	1.18124280004515e-41	c2	GLO1
6.90720729259212e-44	0.27268870083654	0.342	0.261	2.31653918178955e-39	c2	TNF
2.64105142187379e-42	0.540346873484069	0.315	0.244	8.85755825868033e-38	c2	FOSL2
3.224774330677e-42	0.318461880517909	0.563	0.494	1.08152481502245e-37	c2	RBMS1
5.81310030289804e-41	0.396679314563865	0.379	0.3	1.94959757958595e-36	c2	DYNLT3
2.29493618598036e-40	0.311793256289724	0.627	0.569	7.69675698054093e-36	c2	GPI
3.53324480143194e-40	0.126743580050515	0.976	0.973	1.18497964150424e-35	c2	DDX5
6.4149318670058e-40	0.170252713571791	0.512	0.417	2.1514398495564e-35	c2	LGALS3
1.16941847040385e-39	0.424036280839487	0.397	0.326	3.92199566604044e-35	c2	PTPN4
6.05176614341729e-39	0.516039290673896	0.32	0.254	2.02964132917929e-34	c2	ZBTB7A
6.46253107468964e-38	0.309195286154626	0.518	0.448	2.16740367182941e-33	c2	MGST3
2.64670643050587e-37	0.158972726159891	0.876	0.832	8.87652402663059e-33	c2	NCL
3.32871481498212e-37	0.357316204643187	0.488	0.426	1.1163843746487e-32	c2	DSTN
3.91070572635248e-37	0.286822088869118	0.699	0.65	1.31157248650409e-32	c2	CITED2
4.84087138651367e-37	0.272222500460592	0.722	0.687	1.62353144560895e-32	c2	YPEL5
7.68451281334153e-37	0.345465293878254	0.536	0.467	2.57723190733848e-32	c2	SOCS1
2.91218483641977e-36	0.139354824353158	0.933	0.919	9.76688550438462e-32	c2	COMMD6
7.84704524956055e-36	0.109076982708162	0.981	0.955	2.63174203579762e-31	c2	CD69
8.9160223987928e-36	0.422414804322906	0.313	0.243	2.99025559210713e-31	c2	SYTL2
1.1852247953196e-35	0.0792461820489345	0.999	0.99	3.97500691854287e-31	c2	RPL9
3.52460884005343e-35	0.316342954555067	0.526	0.466	1.18208331277712e-30	c2	SSBP4
3.91639707079923e-35	0.0800916906828624	1	0.997	1.31348124960465e-30	c2	RPS28
3.97958319694632e-35	0.235037134394768	0.66	0.6	1.33467261259186e-30	c2	ARHGAP9
2.73703647488819e-34	0.0790963794580239	1	0.996	9.17947292948002e-30	c2	RPL8
8.81376379495375e-34	0.164681142485728	0.881	0.847	2.95596010155159e-29	c2	ARL6IP5
1.07054501635494e-33	0.0806399663618951	1	0.996	3.5903938758512e-29	c2	RPL35A
2.40551834848985e-33	0.271063679605597	0.567	0.503	8.06762743716527e-29	c2	ITGB7
7.5488721125936e-33	0.128747458046242	0.88	0.824	2.53174072912164e-28	c2	STK17A
1.02648350999612e-32	0.378032236834094	0.497	0.442	3.44262039582499e-28	c2	EVI2A
2.81594656097546e-32	0.100412717387139	0.993	0.983	9.44412157619949e-28	c2	PABPC1
3.64461133178605e-32	0.166888458235849	0.893	0.876	1.22232974845441e-27	c2	TSC22D3
8.47878681530321e-32	0.313958485719854	0.477	0.415	2.84361552211639e-27	c2	TSEN54
1.86977565972526e-31	0.298699936683429	0.496	0.434	6.27085360758657e-27	c2	GPR174
2.02934092242947e-31	0.0639881824089388	1	0.998	6.80600358564395e-27	c2	RPS27A
2.19583829336863e-31	0.251268091943722	0.631	0.585	7.3644024682997e-27	c2	CMPK1
8.08216805521965e-31	0.273666145074685	0.615	0.57	2.71059752235957e-26	c2	C9orf78
5.02242740818547e-30	0.132085642929493	0.954	0.929	1.68442170415724e-25	c2	MYL12B
1.03577202739011e-29	0.0724376806786866	0.999	0.994	3.47377222546097e-25	c2	RPL36
1.66866062647528e-29	0.0792023889808879	0.992	0.975	5.5963540090728e-25	c2	EEF1B2
3.67084134795604e-29	0.221136719918109	0.649	0.593	1.2311267712775e-24	c2	PTPN6
7.88461087643337e-29	0.283083928168514	0.489	0.425	2.64434079573823e-24	c2	NCF1
1.03878887204892e-28	0.119059752531228	0.958	0.947	3.48389011907768e-24	c2	RPL27A
1.20033952043694e-28	0.174709053177324	0.754	0.691	4.0256986836414e-24	c2	ZYX
3.62780111011601e-28	0.36492282633556	0.399	0.344	1.21669193631071e-23	c2	RASSF1
7.32290690456297e-28	0.247505814305451	0.524	0.464	2.45595651765233e-23	c2	MGAT4A
8.61343213701102e-28	0.0685485134904882	0.999	0.995	2.88877287011076e-23	c2	RPL3
8.84532640430337e-28	0.0717612908971583	1	0.998	2.96654556947526e-23	c2	RPS27
4.11564837014093e-27	0.199477219714076	0.719	0.684	1.38030615037787e-22	c2	HSPA5
6.78015889938994e-27	0.207420910372115	0.704	0.656	2.2739296916774e-22	c2	GNG2
9.28870194752254e-27	0.167353578185125	0.813	0.77	3.11524485916011e-22	c2	STK17B
2.65885884084004e-26	0.268835921070344	0.547	0.499	8.91728078040931e-22	c2	SPN
3.11134519067943e-26	0.219152346118123	0.653	0.606	1.04348295005007e-21	c2	PA2G4
4.11751520908863e-26	0.289091916975857	0.558	0.511	1.38093225082415e-21	c2	AC016831.7
1.05839282542282e-25	0.218689956912238	0.624	0.584	3.54963785790305e-21	c2	TRAM1
2.3428396278662e-25	0.243165892620461	0.464	0.405	7.85741554393768e-21	c2	NUCB2
4.42685317269037e-25	0.152129856750035	0.888	0.869	1.4846780170569e-20	c2	SRSF7
5.33895779769038e-25	0.190178051207957	0.686	0.647	1.7905796661894e-20	c2	REX1BD
8.74384329558613e-25	0.206370191122585	0.666	0.634	2.93251016447368e-20	c2	SNHG8
1.06815552037635e-24	0.480908130006977	0.3	0.25	3.58237998423821e-20	c2	DNAAF2
2.33578912954288e-24	0.261687080485807	0.527	0.481	7.83376958266092e-20	c2	CYFIP2
3.90711526900901e-24	0.207467109822309	0.623	0.574	1.31036831892024e-19	c2	CAMK4
6.52511650015625e-24	0.123903495158381	0.888	0.863	2.1883935718224e-19	c2	CALM2
5.32203875172526e-23	0.0913583100296118	0.983	0.969	1.78490535655362e-18	c2	CALM1
6.20445339150268e-23	0.0812743793961541	0.987	0.981	2.08084957844217e-18	c2	RPL27
2.26220921125353e-22	0.0932271148033039	0.854	0.833	7.58699725270209e-18	c2	BTG2
4.25162407636203e-22	0.0866069220475381	0.956	0.913	1.4259096827303e-17	c2	LSP1
4.26070476940463e-22	0.220244162027453	0.642	0.611	1.42895516556293e-17	c2	NDUFA3
1.16560896155582e-21	0.170307575335459	0.853	0.816	3.9092193352659e-17	c2	JUN
1.30476184964918e-21	0.0625537726314267	0.999	0.993	4.37591029135341e-17	c2	RPL5
1.82271699307663e-21	0.314838933599329	0.444	0.401	6.11302825138039e-17	c2	HERPUD2
2.27234044889469e-21	0.275280119001709	0.497	0.46	7.620975397503e-17	c2	C19orf70
2.94290439864225e-21	0.19929248435583	0.62	0.587	9.86991277216639e-17	c2	SEC62
3.43483188463604e-21	0.0765888017942435	0.873	0.822	1.15197391746923e-16	c2	TPI1
4.07361933959788e-21	0.190336679758007	0.677	0.641	1.36621045411434e-16	c2	CCDC85B
5.38347430098712e-21	0.276506516174765	0.444	0.397	1.80550961106506e-16	c2	GLIPR2
6.22702630042601e-21	0.345209699223183	0.324	0.274	2.08842008063688e-16	c2	SVIP
1.22750097117365e-20	0.0748061186992945	0.997	0.99	4.1167927571222e-16	c2	RPL37A
1.38024366596667e-20	0.245774205369148	0.534	0.494	4.62906120691902e-16	c2	HSPA9
1.43546227650707e-20	0.14824571441771	0.785	0.753	4.81425338294941e-16	c2	APBB1IP
1.50732032483344e-20	0.157881548768111	0.639	0.599	5.05525090542641e-16	c2	ADGRE5
2.22841464496805e-20	0.240978543337762	0.428	0.375	7.47365703629385e-16	c2	CDC42EP3
3.50566099376856e-20	0.039709662734924	1	0.998	1.1757285840901e-15	c2	RPL13
4.58108295471979e-20	0.314916207748091	0.352	0.303	1.53640360135392e-15	c2	LIX1L
1.50827029391947e-19	0.0805196691706538	0.946	0.92	5.05843691174711e-15	c2	MIF
1.01828128955365e-18	0.15666729535133	0.696	0.67	3.41511178890502e-14	c2	DDX24
1.04163090927123e-18	0.046470323912855	0.999	0.996	3.49342174351384e-14	c2	RPS25
1.58017976843221e-18	0.239285324687156	0.499	0.461	5.29960690736794e-14	c2	UBAC2
1.7841624774762e-18	0.350018415566758	0.365	0.324	5.9837241169597e-14	c2	ASF1A
1.98600269393953e-18	0.33908479594531	0.314	0.271	6.66065583493438e-14	c2	CALHM2
3.38456968584845e-18	0.199179070222191	0.537	0.493	1.13511698123985e-13	c2	PIK3R1
3.51202832927688e-18	0.250228761906382	0.359	0.307	1.17786406107288e-13	c2	PRNP
4.19651185318839e-18	0.265629805429532	0.471	0.434	1.40742614532232e-13	c2	PRKACB
8.51222609516508e-18	0.129454159883261	0.803	0.785	2.85483038779646e-13	c2	KRTCAP2
1.55881958916739e-17	0.113741110504631	0.85	0.819	5.22796913814958e-13	c2	LCP2
6.87889536331675e-17	0.0775151000482524	0.991	0.98	2.30704392694917e-12	c2	ATP5F1E
8.14307176514182e-17	0.207873761706238	0.394	0.348	2.73102340859326e-12	c2	SLA2
1.02587158306503e-16	0.10990494167192	0.808	0.797	3.44056811528349e-12	c2	EIF4A2
1.55437737340516e-16	0.20073759916156	0.578	0.54	5.21307083492623e-12	c2	ARRB2
2.32513804359312e-16	0.168929983816077	0.599	0.57	7.79804797060259e-12	c2	JUND
2.73860462909297e-16	0.277747426751333	0.341	0.295	9.18473220505201e-12	c2	ARL4A
2.79843498597089e-16	0.0996620462299607	0.778	0.739	9.38539125594916e-12	c2	TXNIP
2.92440407948267e-16	0.323328944939979	0.355	0.319	9.80786640176899e-12	c2	AMZ2
8.64368227176511e-16	0.100866821804279	0.829	0.806	2.89891816030458e-11	c2	SLC2A3
1.02334973740269e-15	0.0403082729592823	0.998	0.991	3.43211034930113e-11	c2	RPS5
1.2383711041717e-15	0.0235402909806606	1	0.997	4.15324900917105e-11	c2	RPS3A
1.99649798881322e-15	0.180320396433248	0.702	0.677	6.69585495488176e-11	c2	SELENOH
2.33204549207939e-15	0.0703012939260539	0.967	0.95	7.82121417133585e-11	c2	EVL
9.24191606288175e-15	0.0899562891552832	0.833	0.804	3.09955380916928e-10	c2	PPP1R15A
1.35677321256089e-14	0.0604906785682142	0.962	0.956	4.55034600028673e-10	c2	TOMM7
1.96916409186997e-14	0.159035774101665	0.574	0.546	6.60418253131351e-10	c2	PYURF
2.06094944745643e-14	0.11351098024316	0.744	0.721	6.91201225687939e-10	c2	SUN2
2.55396856922245e-14	0.259562678767541	0.36	0.319	8.56549978745824e-10	c2	ADAM8
3.03626205540108e-14	0.145736525236966	0.558	0.516	1.01830156814041e-09	c2	ODC1
3.57372124476764e-14	0.298573587657006	0.36	0.326	1.19855463107017e-09	c2	SERTAD1
3.7915100193901e-14	0.260033512613191	0.434	0.402	1.27159663030305e-09	c2	DOCK10
4.16638706565532e-14	0.0352846718252486	1	0.996	1.39732289407948e-09	c2	RPS14
5.39841838667048e-14	0.139001919178414	0.582	0.548	1.81052155852154e-09	c2	MBP
5.40623507573982e-14	0.340976956110634	0.315	0.283	1.81314311970162e-09	c2	MAP4
5.89506680485056e-14	0.043029349905594	0.999	0.994	1.97708750501078e-09	c2	RPL17
9.01449683188662e-14	0.274307737331544	0.405	0.374	3.02328194747813e-09	c2	HSD17B11
9.13296450862378e-14	0.102415099090198	0.821	0.807	3.06301363690224e-09	c2	RPS10
1.63289061722047e-13	0.0295418345265759	0.999	0.996	5.476388552034e-09	c2	RPS6
2.23436343186083e-13	0.0581878908658453	0.984	0.981	7.49360807777483e-09	c2	PFDN5
3.96058626787929e-13	0.128480072028738	0.649	0.612	1.32830142252136e-08	c2	GLIPR1
5.79787463791934e-13	0.222277866971383	0.431	0.4	1.94449119606539e-08	c2	TMEM14C
5.83083126072953e-13	0.205359834740219	0.47	0.441	1.95554418822347e-08	c2	PDLIM2
9.9660691949539e-13	0.134313100813015	0.563	0.53	3.34242028660364e-08	c2	REL
1.1455141861087e-12	0.209266217645311	0.492	0.468	3.84182547737134e-08	c2	DDX18
1.27504634985817e-12	0.0647548041172095	0.917	0.883	4.27625044815435e-08	c2	IFITM2
2.64118585243548e-12	0.304540358430175	0.331	0.302	8.85800911189811e-08	c2	CD58
3.32477049693584e-12	0.0486057976196523	0.992	0.985	1.11506152926234e-07	c2	BTG1
4.36638719245165e-12	0.0787099249819765	0.714	0.686	1.46439893660444e-07	c2	HSP90B1
4.3664406729487e-12	0.180840968227332	0.433	0.396	1.46441687289353e-07	c2	PITPNC1
4.44631249692838e-12	0.194751228951803	0.37	0.33	1.49120428521984e-07	c2	SYPL1
5.19786890760419e-12	0.0426105173040634	0.999	0.996	1.74326127423229e-07	c2	RPL14
6.20362648735214e-12	0.0715369742357148	0.975	0.963	2.08057225132816e-07	c2	TMA7
7.24999982534701e-12	0.167547851180686	0.597	0.581	2.43150494142488e-07	c2	RBL2
7.25756119621478e-12	0.158733179371543	0.623	0.601	2.43404087398651e-07	c2	BZW1
7.88133922673357e-12	0.165175316747369	0.548	0.526	2.6432435498619e-07	c2	CAST
1.17508760236617e-11	0.169047876120688	0.546	0.526	3.94100880081565e-07	c2	STUB1
1.56684017597382e-11	0.0768356344668548	0.851	0.824	5.25486858218098e-07	c2	LEPROTL1
2.77231305449907e-11	0.102022456956916	0.772	0.747	9.29778352217898e-07	c2	DRAP1
2.94154133621414e-11	0.0424812642483285	0.999	0.994	9.86534133339499e-07	c2	RPL23A
3.45132349306099e-11	0.213707617361671	0.439	0.413	1.15750487310279e-06	c2	ATF7IP
3.90689703418007e-11	0.0301576768288645	0.994	0.99	1.31029512732331e-06	c2	SARAF
4.15302251828539e-11	0.17631297535319	0.546	0.526	1.39284069218255e-06	c2	KTN1
4.39237552634455e-11	0.252605308477311	0.428	0.402	1.47311490402544e-06	c2	RANBP2
4.60352028593245e-11	0.180781002629391	0.539	0.513	1.54392863349603e-06	c2	VASP
4.96831704814226e-11	0.15131460074096	0.441	0.402	1.66627417160595e-06	c2	CCND2
5.04423745357771e-11	0.226044239727697	0.411	0.386	1.69173635718089e-06	c2	PCM1
6.9226926175525e-11	0.219674896683109	0.454	0.431	2.32173265007476e-06	c2	FKBP2
8.86310249427723e-11	0.293487639321758	0.306	0.277	2.9725073145307e-06	c2	RAB24
9.64309202034114e-11	0.170439811423563	0.493	0.469	3.23410020178201e-06	c2	RNH1
1.16346012240745e-10	0.121817368551252	0.754	0.733	3.90201255853009e-06	c2	ATP5MD
1.24015349018641e-10	0.0288709288278792	0.523	0.483	4.15922677538719e-06	c2	TUBB4B
1.34285945198787e-10	0.192742704277274	0.387	0.352	4.50368203007691e-06	c2	PHF1
1.80361582297022e-10	0.0408376760351095	1	0.996	6.04896674707751e-06	c2	RPS7
2.06990528836928e-10	0.199840886992765	0.446	0.423	6.9420483561329e-06	c2	DHX36
2.92237004774667e-10	0.164611740892053	0.556	0.539	9.80104466613279e-06	c2	HMOX2
4.70781741806778e-10	0.171115724405506	0.462	0.437	1.57890780567157e-05	c2	TMX4
5.36022654539349e-10	0.265609296838213	0.324	0.298	1.79771277879407e-05	c2	C7orf50
5.38194130703023e-10	0.270465624070152	0.493	0.468	1.8049954755518e-05	c2	ZNF331
5.64945921885035e-10	0.10844812869425	0.871	0.863	1.89471563281803e-05	c2	MCL1
5.82035458468149e-10	0.106704472961438	0.779	0.764	1.95203052061048e-05	c2	PDIA3
6.77143762338231e-10	0.14695120326229	0.534	0.516	2.27100475012996e-05	c2	TAF7
6.83722065652191e-10	0.2088352781279	0.396	0.369	2.29306706378432e-05	c2	RNF139
7.18968725374652e-10	0.216208475911154	0.376	0.35	2.41127731116151e-05	c2	FAM162A
7.28706388274378e-10	0.274910611658287	0.324	0.299	2.44393548499461e-05	c2	MPC1
7.60825224138394e-10	0.150531577360518	0.563	0.543	2.55165563671535e-05	c2	TSTD1
9.16809853303558e-10	0.0317561610829067	0.999	0.996	3.07479688600947e-05	c2	RPL37
9.75692461114857e-10	0.104739843143489	0.322	0.287	3.27227737608701e-05	c2	RBKS
1.12729269864292e-09	0.185338169781663	0.452	0.433	3.78071425270864e-05	c2	RTN4
1.24174069354926e-09	0.132653139584091	0.585	0.57	4.16454993802552e-05	c2	LAMP1
1.46264819464251e-09	0.119918221890952	0.616	0.59	4.90542951519206e-05	c2	NR3C1
1.62072283199202e-09	0.144793243841765	0.537	0.517	5.43558023393483e-05	c2	SLC3A2
1.63928299032462e-09	0.247295681619982	0.334	0.303	5.49782729295072e-05	c2	TSPYL2
1.77382702416996e-09	0.121934407878767	0.716	0.703	5.94906107366121e-05	c2	SELENOK
2.05780027298882e-09	0.0462361338133026	0.853	0.823	6.90145055554991e-05	c2	TRBC2
2.22787221895551e-09	0.0233639747518011	0.787	0.732	7.471837847933e-05	c2	EMP3
2.34474216572384e-09	0.152187483593074	0.549	0.53	7.86379627540462e-05	c2	G3BP2
2.40180438668241e-09	0.142998264665453	0.435	0.401	8.05517155205546e-05	c2	HNRNPAB
2.48655073873874e-09	0.184335092072951	0.402	0.374	8.33939386758198e-05	c2	MYO1G
2.53118265280047e-09	0.164290939596415	0.464	0.439	8.48908038096223e-05	c2	SERINC1
2.64699491485203e-09	0.0644125725429552	0.724	0.708	8.87749154543072e-05	c2	IER2
3.80435016213667e-09	0.0264758663172389	0.999	0.997	0.00012759029573774	c2	RPL30
3.83414818808584e-09	0.205232226540562	0.345	0.316	0.000128589661932023	c2	GPR171
4.67705939309177e-09	0.107726086325588	0.708	0.686	0.000156859217925512	c2	ARF6
5.94082687349083e-09	0.0218550013357783	0.753	0.697	0.000199243451683135	c2	CLEC2B
6.49967179916591e-09	0.237340106799165	0.372	0.35	0.000217985992800426	c2	SLC38A2
7.28669416999055e-09	0.197275492791317	0.408	0.386	0.000244381149073143	c2	DEGS1
7.45459115126249e-09	0.198309335814829	0.459	0.439	0.000250012078031042	c2	NSMCE3
8.92377010617026e-09	0.0884168808066355	0.826	0.809	0.000299285401820738	c2	GUK1
1.66810943411463e-08	0.204327911537203	0.366	0.342	0.000559450542013366	c2	SELENOS
2.01917635315293e-08	0.261408759127547	0.323	0.301	0.000677191365320428	c2	NIN
2.38631649045634e-08	0.0839206702017488	0.828	0.811	0.000800322824569247	c2	PTGES3
2.5311522368469e-08	0.0694684151288063	0.547	0.509	0.000848897837193713	c2	TC2N
2.53860651939835e-08	0.113601913243307	0.756	0.739	0.000851397854475818	c2	ARHGDIA
3.40376290837769e-08	0.131401754546271	0.318	0.283	0.00114155400421171	c2	BCL2
3.51853025192125e-08	0.250162005270403	0.329	0.309	0.00118004467588935	c2	ZFAND2B
4.98729229458726e-08	0.0649106313692696	0.864	0.85	0.00167263808975867	c2	HNRNPDL
7.32631735436077e-08	0.173146699006254	0.454	0.438	0.00245710031430551	c2	PHF20
7.47882903668643e-08	0.22071909731912	0.335	0.308	0.0025082496823239	c2	BCL2A1
8.50974376404194e-08	0.184002369636829	0.314	0.288	0.00285399786358439	c2	OTUD6B-AS1
9.22312200734447e-08	0.0210536054574471	1	0.999	0.00309325065882319	c2	RPL10
1.06896567595123e-07	0.0648984375825208	0.881	0.866	0.00358509708400524	c2	GSTK1
1.22563796081806e-07	0.074942645397412	0.928	0.914	0.0041105445929916	c2	PCBP2
1.2480357328782e-07	0.100742013767173	0.657	0.642	0.0041856622409269	c2	CDC42SE2
1.29315404563007e-07	0.0707036090156505	0.867	0.857	0.00433698003823412	c2	UQCR11
1.48231384478126e-07	0.233532345730671	0.332	0.311	0.0049713841726274	c2	CEBPZ
1.5434199654763e-07	0.141373047210851	0.746	0.744	0.00517632188021443	c2	DNAJA1
1.66900663336338e-07	0.0421918702218049	0.72	0.677	0.00559751444697409	c2	NME2
1.73424047273552e-07	0.177873816390336	0.396	0.376	0.00581629569746038	c2	LYSMD2
1.83502128045651e-07	0.196253082055368	0.403	0.387	0.00615429437039506	c2	ARL2BP
1.95722662175798e-07	0.025970552821784	0.934	0.904	0.00656414664405192	c2	CRIP1
1.97647914043624e-07	0.168653922570344	0.444	0.426	0.00662871574119507	c2	CDK17
2.09052001961149e-07	0.151104974985759	0.448	0.431	0.00701118604177301	c2	ST3GAL1
4.30464293702235e-07	0.223499827812188	0.371	0.354	0.0144369114821856	c2	PARVG
4.68456638979812e-07	0.0984200051949675	0.653	0.647	0.0157110987581049	c2	EMD
4.76487534267279e-07	0.141153462343824	0.611	0.601	0.015980438924256	c2	COX7A2L
6.30250886093665e-07	0.170228968910069	0.428	0.412	0.0211373542178093	c2	RNPEPL1
7.23925837819676e-07	0.0984488861252091	0.748	0.727	0.0242790247487963	c2	HSPE1
8.14690411269383e-07	0.0882844659750801	0.66	0.643	0.0273230870131526	c2	GNAS
8.31568431214446e-07	0.0449439906642857	0.898	0.892	0.0278891420460701	c2	RPS20
8.75458424167314e-07	0.17981729328657	0.326	0.303	0.0293611246297234	c2	TMEM50B
9.32894734070638e-07	0.206723001283539	0.343	0.323	0.0312874235912611	c2	PPM1K
1.17694588011741e-06	0.163394139545489	0.364	0.345	0.0394724109273776	c2	PRRC2B
1.20482923719452e-06	0.136064798668051	0.428	0.407	0.0404075629570299	c2	CAPN2
1.21775898834934e-06	0.13594347875121	0.45	0.432	0.0408412009512601	c2	PSTPIP1
