p_val	avg_log2FC	pct.1	pct.2	p_val_adj	cluster	gene
0	5.81323155443577	0.855	0.027	0	c4	KIR2DL4
0	4.52556396816002	0.825	0.063	0	c4	KLRC3
0	4.73034491372071	0.79	0.052	0	c4	KLRC2
0	2.01504713205522	0.88	0.261	0	c4	KLRD1
0	3.00228293074232	0.708	0.119	0	c4	CD160
0	4.80585267810719	0.597	0.033	0	c4	LAT2
0	4.62276923799423	0.573	0.034	0	c4	AC068775.1
0	2.04800069010612	0.957	0.436	0	c4	HOPX
0	4.54937209406024	0.527	0.024	0	c4	TRDC
0	1.94539228456929	0.808	0.334	0	c4	ITGA1
0	2.22749123951477	0.678	0.209	0	c4	TMIGD2
0	2.94496524629461	0.538	0.072	0	c4	IKZF2
0	2.17644525412056	0.723	0.266	0	c4	LDLRAD4
0	4.34338870914079	0.49	0.036	0	c4	ATP8B4
0	1.70263194135287	0.724	0.27	0	c4	AOAH
0	1.79988019117029	0.768	0.333	0	c4	RHOC
0	4.37030572880722	0.446	0.012	0	c4	FCER1G
0	2.22717033552375	0.596	0.162	0	c4	XCL2
0	1.70307057564384	0.638	0.209	0	c4	SPRY1
0	4.38109751311313	0.478	0.049	0	c4	TRGV4
0	1.76164387146539	0.893	0.469	0	c4	CD63
0	0.613487863776885	0.94	0.516	0	c4	NKG7
0	1.37089693012003	0.767	0.347	0	c4	TIGIT
0	2.21954834994647	0.56	0.161	0	c4	RIN3
0	1.48139134275838	0.841	0.449	0	c4	CTSW
0	1.85416684791073	0.528	0.138	0	c4	GNLY
0	1.7224729134578	0.643	0.254	0	c4	FASLG
0	1.50001465849022	0.697	0.308	0	c4	MATK
0	1.35754863600253	0.779	0.393	0	c4	ITGAE
0	2.40307927953288	0.529	0.151	0	c4	FAM3C
0	4.79084329207998	0.401	0.026	0	c4	TRDV1
0	3.62137728351853	0.374	0.016	0	c4	TYROBP
0	1.52314292370249	0.734	0.383	0	c4	MAP3K8
0	1.90531960240705	0.54	0.19	0	c4	GNPTAB
0	2.63170096871495	0.449	0.1	0	c4	TRGC2
0	0.449419118559405	0.576	0.234	0	c4	GZMB
0	4.17862169227127	0.37	0.029	0	c4	CXXC5
0	1.9430368152835	0.48	0.146	0	c4	CD244
0	1.9244087506108	0.479	0.145	0	c4	XCL1
0	2.54594205453968	0.434	0.103	0	c4	ID3
0	3.2301515967692	0.374	0.046	0	c4	ADGRG1
0	1.41015433661749	0.851	0.525	0	c4	IL2RB
0	1.74526045795546	0.523	0.199	0	c4	CDIP1
0	1.35338373964652	0.564	0.24	0	c4	GPR15
0	2.33367997048223	0.79	0.468	0	c4	GZMA
0	1.19560581289551	0.817	0.499	0	c4	PTPN22
0	4.12363153803667	0.343	0.027	0	c4	LYN
0	2.34358433439112	0.436	0.12	0	c4	UBASH3B
0	1.42013401406089	0.639	0.325	0	c4	SLA2
0	2.10075022540763	0.424	0.117	0	c4	TXK
0	1.48892953285421	0.578	0.273	0	c4	NEDD9
0	1.27609548314086	0.662	0.358	0	c4	CCDC69
0	2.78984991209248	0.405	0.105	0	c4	PLPP1
0	2.87367941007138	0.357	0.058	0	c4	LAYN
0	0.85969077955655	0.798	0.504	0	c4	LINC01871
0	1.08087206783793	0.665	0.372	0	c4	CAPG
0	1.61245762971364	0.516	0.224	0	c4	TRG-AS1
0	1.49249254061737	0.492	0.205	0	c4	BCAS4
0	1.54998889835673	0.443	0.157	0	c4	ENTPD1
0	1.50365603497724	0.483	0.199	0	c4	PLA2G16
0	1.20945012388509	0.688	0.406	0	c4	GPR65
0	3.6212836399145	0.309	0.031	0	c4	MYO1E
0	1.23756746538037	0.58	0.302	0	c4	ACP5
0	1.02451390375646	0.79	0.514	0	c4	ABI3
0	1.03965207065619	0.589	0.313	0	c4	PTGER2
0	1.10112493703628	0.856	0.583	0	c4	ARHGAP9
0	1.12230503793625	0.743	0.474	0	c4	PIK3R1
0	1.73774572061299	0.403	0.135	0	c4	AUTS2
0	1.95057243045651	0.421	0.155	0	c4	SLC16A3
0	1.172602917006	0.59	0.327	0	c4	RASSF1
0	1.06114358992183	0.998	0.737	0	c4	CCL5
0	1.7148198828671	0.431	0.172	0	c4	RAB3GAP1
0	1.27532516431085	0.495	0.237	0	c4	GABARAPL1
0	2.60007799142768	0.322	0.068	0	c4	DBN1
0	1.25973125375427	0.443	0.193	0	c4	SLAMF7
0	1.2016595344351	0.481	0.234	0	c4	FAM173A
0	1.16821911782819	0.443	0.197	0	c4	TNFRSF18
0	2.86078893599452	0.302	0.056	0	c4	CCRL2
0	1.14088590701055	0.431	0.185	0	c4	TOX
0	1.01926647566082	0.856	0.614	0	c4	GSTP1
0	1.24027516268729	0.473	0.231	0	c4	FOSL2
0	1.01144594562569	0.836	0.596	0	c4	TRAC
0	1.52840474308315	0.395	0.156	0	c4	ABCB1
0	2.0631467109725	0.334	0.096	0	c4	ISYNA1
0	2.06320214482846	0.326	0.088	0	c4	CAPN12
0	2.46437393394991	0.311	0.077	0	c4	GEM
0	1.22338019156326	0.951	0.72	0	c4	CD96
0	0.709368520691778	0.906	0.677	0	c4	RGS1
0	0.940068248724877	0.8	0.58	0	c4	PTPN6
0	1.86614542295415	0.311	0.103	0	c4	DGKD
0	0.759944919225503	0.885	0.683	0	c4	FYN
0	1.50436307714955	0.31	0.11	0	c4	SKAP2
0	2.16011486648011	0.33	0.13	0	c4	TRGV3
0	2.57012421082047	0.306	0.108	0	c4	TRGV2
0	0.646998637806903	0.947	0.817	0	c4	TPI1
0	0.907509185952516	0.951	0.825	0	c4	NR4A2
0	1.51641270742122	0.999	0.873	0	c4	CD7
0	0.735682813611281	0.992	0.925	0	c4	ZFP36
0	0.526969511867199	0.978	0.912	0	c4	LSP1
0	0.809931068754403	0.987	0.961	0	c4	MT-ND4
0	0.583249790747344	0.985	0.962	0	c4	MT-ND2
0	0.530074313880557	0.999	0.982	0	c4	PABPC1
0	0.549953078390642	0.999	0.984	0	c4	FTL
0	0.482778997708461	0.994	0.999	0	c4	MT-CO2
0	0.526410510860797	0.993	0.998	0	c4	MT-CYB
0	0.48230110176227	0.995	0.999	0	c4	MT-CO1
0	0.468847003685251	0.993	0.997	0	c4	MT-ATP6
0	0.388352272550327	0.994	0.998	0	c4	MT-CO3
0	0.476080072538669	0.994	0.998	0	c4	MT-ND4L
0	0.333548377577904	1	0.999	0	c4	TMSB4X
0	0.53535027443447	0.989	0.988	0	c4	MT-ND5
6.22471793215906e-308	1.24030807264292	0.516	0.269	2.0876459000875e-303	c4	RBKS
3.31243187608803e-305	0.734757626132762	0.757	0.474	1.1109234026024e-300	c4	PRF1
1.75304264938905e-302	0.483009230591469	0.982	0.9	5.87935443752099e-298	c4	HCST
1.11174296713056e-298	0.396944382611451	0.993	0.996	3.72856356316246e-294	c4	MT-ATP8
2.24603227347213e-292	1.41258746538565	0.313	0.119	7.53274303877082e-288	c4	SERPINB6
3.82632787760347e-289	1.01587944956307	0.622	0.378	1.28327384359065e-284	c4	PITPNC1
1.15477002275404e-280	1.18052380760539	0.424	0.199	3.87286770231249e-276	c4	CLIC3
6.92349279273852e-280	0.456237279651502	0.991	0.996	2.32200101282865e-275	c4	MT-ND3
1.31995169000786e-276	1.08167291744596	0.511	0.272	4.42685397794835e-272	c4	NR4A3
1.57840540522487e-275	1.0436542717658	0.555	0.312	5.29365604804318e-271	c4	PTPN4
6.49116886928131e-275	1.45836461926034	0.323	0.133	2.17700821537957e-270	c4	IL12RB2
7.49040825418733e-273	1.48714465353624	0.321	0.132	2.51213312028935e-268	c4	YES1
4.08810328450943e-270	0.85650846321113	0.734	0.525	1.37106807955877e-265	c4	CHCHD10
5.58231597099536e-268	0.647427249821235	0.886	0.74	1.87219713035242e-263	c4	CKLF
6.89537589573854e-267	0.396805748296893	0.989	0.948	2.31257116791279e-262	c4	EVL
2.14089309065084e-265	1.44707601297809	0.362	0.165	7.1801272474248e-261	c4	NDFIP2
3.5813135888314e-265	1.37550425930064	0.343	0.148	1.20110095142228e-260	c4	DZIP3
7.22606088994153e-265	1.47163329238907	0.324	0.137	2.42347630126859e-260	c4	HIC1
3.86594066395678e-258	1.28389814536154	0.388	0.184	1.29655917987782e-253	c4	CD151
1.83005230752754e-257	0.7980169843338	0.71	0.47	6.13762942898585e-253	c4	CBLB
4.51901759572372e-257	0.284687642551995	0.999	0.998	1.51558812125382e-252	c4	PTMA
6.44469653845669e-256	0.866458632441674	0.71	0.487	2.1614223250676e-251	c4	SYTL3
2.73167957702949e-255	0.691461916737875	0.926	0.817	9.16150696544149e-251	c4	TRBC2
3.64471627797277e-255	0.595382043252251	0.885	0.747	1.22236494530651e-250	c4	JAK1
1.12359750845911e-252	0.485589090240766	0.415	0.189	3.76832132387017e-248	c4	CCL4L2
2.20150683002987e-250	0.905416050121101	0.67	0.451	7.38341360655418e-246	c4	ZNF331
4.99250784084457e-249	0.691099607586404	0.808	0.61	1.67438727966245e-244	c4	PRKCH
7.60872412844537e-244	0.867795189503109	0.664	0.439	2.55181389819801e-239	c4	RUNX3
1.53112379532498e-242	0.692639450896021	0.862	0.737	5.13508298476091e-238	c4	CD247
4.24744745318217e-242	0.581154693984064	0.891	0.743	1.42450892684824e-237	c4	PAXX
4.67904945613763e-240	0.371156210408822	0.935	0.726	1.56925960659944e-235	c4	CST7
2.89209979486152e-236	1.22329775022751	0.401	0.201	9.69952429200656e-232	c4	ECI2
7.64463196416167e-231	0.555619742122044	0.903	0.764	2.56385666814054e-226	c4	SEPT7
4.83466696954792e-229	0.668486968558073	0.797	0.613	1.62145060824698e-224	c4	PRDX5
9.44381981629055e-229	0.832810198000314	0.664	0.454	3.16726828998753e-224	c4	SSBP4
3.06293070349168e-227	1.1539464219211	0.387	0.191	1.02724569933704e-222	c4	ATP8A1
2.23521726773564e-225	0.540382887331319	0.867	0.683	7.49647167253178e-221	c4	CLDND1
1.15447700377852e-223	1.32811769677266	0.345	0.166	3.8718849752724e-219	c4	MPST
1.99128554450405e-223	0.320029777626487	0.991	0.992	6.67837345915767e-219	c4	MT-ND1
4.27318117471033e-222	1.93495871287648	0.399	0.213	1.43313950237435e-217	c4	AREG
3.7235372209692e-219	0.832280308963699	0.542	0.313	1.24879991316865e-214	c4	ASB2
1.9453047472306e-212	0.694067117131006	0.732	0.524	6.524163061262e-208	c4	SIRPG
1.69078296536359e-209	0.983922468499521	0.588	0.389	5.67054790923641e-205	c4	PHYKPL
2.98160981982617e-207	1.10461102552066	0.5	0.304	9.99972301373302e-203	c4	PTP4A1
7.7544928167561e-204	0.569782056629986	0.862	0.703	2.60070180088366e-199	c4	PDCD4
3.91018198743709e-203	0.522640758555181	0.864	0.713	1.31139683494665e-198	c4	OSTF1
4.46759311961806e-199	1.03191575465665	0.455	0.262	1.4983413804575e-194	c4	MAD2L2
1.72457696877241e-197	0.77443156446583	0.702	0.515	5.7838862378689e-193	c4	G3BP2
1.38197864556709e-196	0.603051999683089	0.787	0.6	4.63487998150291e-192	c4	SCML4
1.86850280100882e-196	0.47053784062122	0.934	0.853	6.26658469402339e-192	c4	CYTIP
1.48426481522175e-193	0.622722599567812	0.764	0.584	4.97792733729071e-189	c4	DHRS7
9.47775864904661e-193	0.887135459844105	0.584	0.389	3.17865069571725e-188	c4	CCND2
2.88930716826594e-192	1.14624672857694	0.353	0.177	9.6901583809303e-188	c4	NBL1
5.20688586535735e-192	1.34597751726381	0.302	0.144	1.74628538152355e-187	c4	ATP6V0A2
9.74759078718464e-191	0.957457505109715	0.471	0.277	3.26914699820599e-186	c4	ABHD17A
2.8961184875707e-190	0.333518532171027	0.984	0.941	9.7130021836146e-186	c4	ARPC2
4.25672381164757e-184	1.14273929948817	0.315	0.152	1.42762003195036e-179	c4	GPR68
1.5226657422052e-183	0.353543171750081	0.999	0.989	5.10671636620781e-179	c4	GAPDH
1.7865950527637e-181	0.740255878846241	0.656	0.457	5.99188248795889e-177	c4	SOCS1
2.03990176935693e-178	0.99757374064252	0.428	0.245	6.84142255406926e-174	c4	DENND1B
2.65723914757792e-178	0.975785073974348	0.419	0.234	8.91184865314682e-174	c4	SYTL2
2.56175244759072e-176	0.427821184726403	0.932	0.82	8.59160535872976e-172	c4	STK17A
7.7533186540775e-176	0.572928934487207	0.729	0.527	2.60030801020451e-171	c4	NR4A1
1.39077462499756e-174	1.08352861914684	0.387	0.217	4.66437993731682e-170	c4	AP2A1
1.97646646111384e-174	0.939541242006254	0.568	0.389	6.6286732172836e-170	c4	RANBP2
1.39784057657696e-172	0.688000231739546	0.466	0.265	4.6880777257238e-168	c4	PTTG1
5.31415434925242e-172	0.537218249162276	0.51	0.291	1.78226108565228e-167	c4	DUSP4
2.24976967128227e-169	0.682800603421926	0.692	0.52	7.54527752354647e-165	c4	SURF4
2.86833416151049e-166	0.701872599141236	0.676	0.5	9.61981911087389e-162	c4	VASP
1.05169335628247e-165	0.724072343196114	0.673	0.492	3.52716917830013e-161	c4	TRBC1
5.83012455446703e-165	1.17256070665257	0.302	0.15	1.95530717307715e-160	c4	MSH3
6.31490813448298e-165	0.914909074504895	0.489	0.303	2.1178938901429e-160	c4	GPR171
1.54465669978736e-163	0.33678355141374	0.984	0.951	5.18046963974685e-159	c4	PPDPF
7.69189658988725e-162	1.16432020523904	0.316	0.164	2.57970827831639e-157	c4	GPR18
1.08062383870731e-159	0.579899209688253	0.734	0.537	3.62419623025656e-155	c4	STOM
3.6657863692777e-158	0.451531980442405	0.784	0.579	1.22943143252835e-153	c4	ID2
5.73971953120726e-158	0.347277550428125	0.964	0.909	1.92498713637629e-153	c4	YBX1
2.21373459635383e-156	0.737260354483461	0.636	0.443	7.42442308925147e-152	c4	LITAF
3.81694712069356e-155	0.6397137874789	0.694	0.518	1.28012772533821e-150	c4	REL
3.28168335732187e-154	0.711426956648681	0.603	0.422	1.10061096437861e-149	c4	PRKACB
1.79945158094093e-148	0.614535755117228	0.46	0.272	6.03500071215968e-144	c4	PTMS
2.93926598818459e-148	0.466100336600544	0.632	0.414	9.85771027117347e-144	c4	ITM2C
4.43748532657056e-145	0.560625619330711	0.713	0.536	1.48824382882523e-140	c4	MBP
3.00202433291143e-140	0.839901166644738	0.408	0.242	1.00681892077184e-135	c4	USP11
2.30907670587117e-139	0.864163699506888	0.417	0.253	7.74418145615072e-135	c4	ADD1
9.82652528691342e-139	0.760393165601563	0.505	0.333	3.29562005072502e-134	c4	MAPK1
5.13357546537678e-132	0.055964240677369	0.659	0.42	1.72169853957807e-127	c4	CCL4
1.56708730202496e-130	0.629985593064082	0.676	0.518	5.2556973935313e-126	c4	NAP1L4
1.43672473359055e-129	0.579093977731014	0.662	0.496	4.81848741151599e-125	c4	ITGB7
3.27784358070903e-129	0.39850475206161	0.916	0.834	1.0993231800982e-124	c4	PGK1
1.99176492570184e-128	0.737425108995285	0.524	0.363	6.67998120781882e-124	c4	SLC25A39
4.18360378752515e-126	0.639702319233339	0.666	0.509	1.40309703826019e-121	c4	CREM
2.20476998236389e-124	0.299457141403945	0.97	0.906	7.394357566852e-120	c4	CD99
2.98471504953894e-123	0.706734169948353	0.475	0.309	1.00101373331437e-118	c4	ADAM8
4.90053002854274e-123	1.00073391457715	0.365	0.222	1.64353976097266e-118	c4	STARD3NL
5.52409181653342e-121	0.336604955923684	0.961	0.919	1.85266991342898e-116	c4	MIF
1.63298387333374e-119	0.658497207144865	0.584	0.43	5.47670131438669e-115	c4	IVNS1ABP
7.55417491587882e-118	0.700192135983431	0.456	0.294	2.53351918328744e-113	c4	PRMT9
1.80827554874707e-117	0.59190793341911	0.582	0.417	6.06459453538793e-113	c4	ACTN4
3.37196432719865e-116	0.5560926651873	0.681	0.533	1.13088939605588e-111	c4	PRKAR1A
1.61230551958924e-115	0.728436443011604	0.466	0.308	5.40735025159839e-111	c4	MAGED2
6.33093644967189e-115	0.534354313217835	0.653	0.49	2.12326946649096e-110	c4	DCXR
1.60460861247577e-114	0.753709941933963	0.45	0.297	5.38153636452124e-110	c4	VPS37B
3.38742348341987e-114	0.838020711504307	0.451	0.308	1.13607408786936e-109	c4	NSMCE1
2.82264275838173e-113	0.680704237074367	0.492	0.334	9.46657928306064e-109	c4	TCIRG1
3.98218470805219e-113	0.451469671509385	0.781	0.639	1.33554510738654e-108	c4	BUB3
4.01942642132266e-113	0.797737908438832	0.389	0.241	1.3480352331832e-108	c4	RASGEF1B
5.59015276893398e-111	0.88103676063743	0.312	0.179	1.87482543564508e-106	c4	POLG
5.43702056961159e-109	0.803468521316979	0.397	0.251	1.82346795863634e-104	c4	TIPARP
9.94008892099567e-109	0.6211090754467	0.552	0.391	3.33370702232353e-104	c4	HNRNPAB
1.03117785163989e-107	0.687451204835708	0.474	0.326	3.45836427882988e-103	c4	PTK2B
5.02537145664131e-107	0.590081404935292	0.533	0.372	1.68540907912836e-102	c4	ABLIM1
3.36667502105934e-106	0.453525509184615	0.727	0.58	1.12911546856288e-101	c4	NR3C1
4.90003731095076e-106	0.506275567858431	0.708	0.562	1.64337451334666e-101	c4	GPI
8.05928065294641e-105	0.456155811965001	0.768	0.633	2.70292154538517e-100	c4	GNAS
1.80882593016364e-104	0.447869239380202	0.757	0.634	6.06644040458281e-100	c4	CCDC85B
1.25513936565813e-103	0.464155277296437	0.713	0.572	4.20948640454424e-99	c4	AKAP13
3.36355290616947e-103	0.730733672407338	0.443	0.299	1.12806837367112e-98	c4	TTC1
3.71960810344503e-103	0.764756447352907	0.391	0.249	1.24748216573339e-98	c4	ZBTB7A
1.58046599090903e-102	0.602336961216861	0.56	0.411	5.3005668403107e-98	c4	MAPRE2
4.88689391737554e-101	0.171817853814685	1	0.998	1.63896648200941e-96	c4	RPS19
1.91060301367441e-100	0.592575081070038	0.544	0.393	6.40778038726122e-96	c4	DOCK10
1.32445740489315e-99	0.785129866819299	0.333	0.201	4.44196524453066e-95	c4	ANKRD28
3.54262094548468e-98	0.726439287643723	0.435	0.296	1.18812421269665e-93	c4	NARF
1.26650429004987e-97	0.559170286104315	0.604	0.462	4.24760208796925e-93	c4	SEPT2
1.90864433075051e-97	0.550965837440857	0.563	0.409	6.40121135647105e-93	c4	TSEN54
6.23569003063243e-97	0.716973708497587	0.41	0.27	2.0913257224735e-92	c4	PSD4
9.41274820413377e-97	0.361557129841192	0.86	0.766	3.15684749270238e-92	c4	STK17B
1.6391503665308e-96	0.434745249905503	0.789	0.676	5.49738249927101e-92	c4	SAMSN1
2.17700477357718e-96	0.375235917425507	0.937	0.887	7.30123860962316e-92	c4	ZFP36L1
2.77292514529598e-96	0.572767103817779	0.541	0.393	9.29983635229367e-92	c4	HERPUD2
2.17989784733802e-95	0.472098209750464	0.711	0.563	7.31094140040224e-91	c4	CDK2AP2
2.90331241658292e-94	0.702192349434809	0.423	0.284	9.73712918273579e-90	c4	PPM1B
3.19007620043684e-94	0.420940575448828	0.749	0.603	1.06988775610251e-89	c4	GLIPR1
4.1477418264744e-92	0.217265031730165	0.986	0.96	1.39106965376298e-87	c4	OAZ1
4.59799132337934e-92	0.695324952616246	0.378	0.243	1.54207433003496e-87	c4	CYTH4
7.13645326041354e-91	0.746866116085167	0.406	0.275	2.39342369447749e-86	c4	MAP4
7.5410741743553e-91	0.500537393827111	0.633	0.478	2.52912545659528e-86	c4	LSM2
6.52579231239871e-90	0.5407334648902	0.786	0.678	2.18862022573228e-85	c4	HSPA5
1.32908987124489e-89	0.553937325533326	0.567	0.425	4.45750161018111e-85	c4	RNF187
6.08712719867803e-89	0.704481364109032	0.43	0.295	2.04150071989264e-84	c4	TSPYL2
2.12625136386789e-88	0.510898190366105	0.605	0.466	7.13102182414012e-84	c4	TLN1
1.27441334921749e-87	0.704403763891573	0.384	0.252	4.2741274906056e-83	c4	CTNNB1
5.08174894624278e-87	0.383865034742499	0.84	0.758	1.7043169615909e-82	c4	PDIA3
6.09862736520382e-87	0.196338602530274	0.993	0.972	2.04535764574206e-82	c4	IL32
8.58840768128792e-87	0.308224796348424	0.896	0.802	2.88038016815034e-82	c4	GUK1
1.11753708910133e-86	0.227611899278376	0.988	0.964	3.74799588942805e-82	c4	ZFP36L2
1.90765964311154e-86	0.702362111169821	0.387	0.259	6.39790891106748e-82	c4	ZBTB1
7.46040775904262e-86	0.658965905587546	0.349	0.219	2.50207155422771e-81	c4	TNFSF14
1.41905156731824e-85	0.437173402837048	0.706	0.567	4.7592151464719e-81	c4	CAMK4
1.15439198419034e-84	0.706587633813013	0.337	0.213	3.87159983657757e-80	c4	SLF1
2.93182273609681e-84	0.636864578240665	0.46	0.328	9.8327470923215e-80	c4	STIP1
6.75016180400526e-84	0.478753243538249	0.623	0.486	2.26386926582728e-79	c4	HSPA9
9.72789151098121e-84	0.423777129412858	0.72	0.59	3.26254025495288e-79	c4	LPXN
2.71691342654674e-83	0.306863210836152	0.834	0.69	9.11198424995247e-79	c4	CLEC2B
7.73241534975951e-83	0.50180750241981	0.59	0.453	2.59329746000234e-78	c4	UBAC2
7.86209321928524e-83	0.492065261006632	0.558	0.417	2.63678882388388e-78	c4	LNPEP
4.68615178819605e-82	0.691585044663975	0.367	0.243	1.57164158672519e-77	c4	PPP1R16B
6.38172011432433e-82	0.428359050179652	0.584	0.432	2.14030129194209e-77	c4	IKZF3
8.84271478330664e-82	0.534062553864272	0.554	0.415	2.96566968402538e-77	c4	PSMD13
4.67021044068636e-80	0.511150594769236	0.556	0.421	1.56629517759739e-75	c4	ST3GAL1
2.96750999065943e-79	0.378210608521347	0.791	0.679	9.9524350066736e-75	c4	ARF6
4.19049432294222e-79	0.619022212062672	0.417	0.29	1.40540798602836e-74	c4	SMIM29
5.66656752659341e-79	0.683359541232619	0.349	0.229	1.9004534170689e-74	c4	NLRC3
3.83783148096444e-78	0.519294789325412	0.472	0.334	1.28713192208585e-73	c4	ARID5A
5.77200906513561e-78	0.494462472961892	0.566	0.427	1.93581640026518e-73	c4	TMX4
8.91755953004456e-78	0.0832384481521014	0.691	0.428	2.99077111518634e-73	c4	CD8A
1.50306194653737e-77	0.667063522636938	0.36	0.238	5.04096915629704e-73	c4	GFI1
1.934066733668e-77	0.283282272165224	0.879	0.772	6.48647301137575e-73	c4	SLC9A3R1
5.64412844040559e-77	0.648550909012205	0.392	0.269	1.89292779634323e-72	c4	RAB24
2.48142821154002e-76	0.648510269070098	0.357	0.235	8.32221393586293e-72	c4	RFTN1
4.49961199535615e-76	0.555310255799546	0.505	0.374	1.50907987100254e-71	c4	RAB8B
5.61226719993801e-76	0.683826084469686	0.347	0.229	1.88224217351521e-71	c4	VPS26A
1.77650454215342e-75	0.612363108011817	0.393	0.267	5.95804093347413e-71	c4	COMMD7
2.27507869794695e-75	0.569592034380061	0.418	0.289	7.63015893717449e-71	c4	C7orf50
2.62659466695528e-75	0.430549219091286	0.674	0.556	8.80907319403463e-71	c4	EIF5
5.6289500593827e-75	0.530624192114826	0.474	0.338	1.88783727091577e-70	c4	STN1
1.13356312562558e-74	0.623341922212154	0.426	0.305	3.80174401072307e-70	c4	CSNK1D
5.24397469894447e-74	0.4823772626823	0.529	0.389	1.75872423453199e-69	c4	RAB27A
7.98993437048573e-74	0.283262458884205	0.897	0.831	2.6796641891735e-69	c4	NCL
9.41223761011101e-74	0.290455972542186	0.892	0.806	3.15667624967903e-69	c4	ACTR3
5.57498321770878e-73	0.58466677593252	0.436	0.314	1.86973787155517e-68	c4	PIK3CD
2.02450400394931e-72	0.514684331806133	0.468	0.336	6.78978152844518e-68	c4	NT5C
2.99715117686525e-72	0.441271371470476	0.629	0.501	1.00518456169707e-67	c4	FGFR1OP2
1.24027767721179e-71	0.637002722602673	0.345	0.23	4.15964327383288e-67	c4	MYO9B
4.54943221383186e-71	0.290412485900279	0.808	0.688	1.52578857587493e-66	c4	ZYX
5.13515695096344e-71	0.717921522308905	0.334	0.223	1.72222893821412e-66	c4	TRPT1
6.10020897418894e-71	0.422841204218364	0.649	0.512	2.04588808576349e-66	c4	PRDX6
9.36248324058673e-71	0.512127035675827	0.56	0.436	3.13998962922798e-66	c4	PNPLA2
1.71740269584402e-70	0.591934265602937	0.384	0.266	5.75982516132169e-66	c4	PDE3B
6.33435240631705e-70	0.642664579276097	0.355	0.241	2.12441511003061e-65	c4	PPP5C
5.99336767503605e-69	0.403795146385769	0.636	0.513	2.01005565085359e-64	c4	SYNGR2
3.33869300499968e-68	0.447638138328227	0.598	0.476	1.11973086001679e-63	c4	CYFIP2
4.10129248945418e-68	0.287241998999059	0.853	0.768	1.37549147511314e-63	c4	SRSF5
8.51568405536587e-68	0.539533809814384	0.449	0.322	2.8559901184886e-63	c4	LYAR
1.78929517171179e-67	0.490526205188336	0.525	0.4	6.00093814688701e-63	c4	ARHGEF3
6.57454498173678e-67	0.278233190005928	0.648	0.516	2.20497089597488e-62	c4	GADD45B
8.70162193685775e-67	0.581880316547228	0.364	0.249	2.91834996518335e-62	c4	DUSP23
1.77912050390941e-66	0.549618949669563	0.421	0.301	5.96681434601139e-62	c4	DNAJC4
5.64807760795267e-66	0.263053621508426	0.899	0.831	1.89425226815517e-61	c4	HCLS1
1.09352054752095e-65	0.282664551608094	0.822	0.715	3.66744921227576e-61	c4	FKBP1A
1.103154376105e-65	0.429398262779803	0.573	0.446	3.69975914658094e-61	c4	STAT4
1.21531338256836e-65	0.542538839101296	0.416	0.296	4.07591802245777e-61	c4	RNF125
5.0626729395063e-65	0.314129902875725	0.764	0.674	1.69791925045162e-60	c4	SQSTM1
9.27839990400249e-65	0.351127641558552	0.402	0.273	3.11178975980436e-60	c4	H2AFX
1.34202113428635e-64	0.406638271962637	0.652	0.53	4.50087048016957e-60	c4	HMOX2
1.53258229317237e-64	0.601001861231259	0.32	0.21	5.13997449484149e-60	c4	CCPG1
5.81095410782414e-64	0.445297111491777	0.555	0.43	1.94887778868206e-59	c4	GPR174
7.13671505073531e-64	0.359204236923401	0.766	0.671	2.39351149371561e-59	c4	SELENOH
8.33186522337623e-64	0.281722125559924	0.79	0.672	2.79434095861592e-59	c4	NME2
2.29741535109354e-63	0.340566591121994	0.852	0.803	7.70507160449752e-59	c4	MT-ND6
2.77712067995776e-63	0.286751241714712	0.829	0.729	9.31390733644235e-59	c4	SKAP1
4.78382823362271e-63	0.36638843690223	0.722	0.607	1.60440031299238e-58	c4	ECH1
5.29345421864282e-63	0.310206899639311	0.551	0.41	1.77531867584843e-58	c4	LGALS1
2.21069785911724e-62	0.575325604208026	0.324	0.217	7.41423847990741e-58	c4	RAB11FIP1
4.8105730116729e-62	0.551068858285719	0.404	0.291	1.61336997665486e-57	c4	IDI1
1.03288305371234e-61	0.194540690358099	0.966	0.928	3.46408318554044e-57	c4	MYL12B
1.08974281527061e-61	0.475150287759425	0.514	0.396	3.65477945385458e-57	c4	MFSD10
1.26383418894922e-61	0.382273818547719	0.689	0.572	4.2386471028979e-57	c4	BAX
2.24023341272427e-61	0.497552005212807	0.362	0.243	7.51329481959467e-57	c4	ZBTB20
7.50217164133703e-61	0.454867602981107	0.619	0.497	2.51607832507161e-56	c4	RAB5IF
7.99953164644007e-61	0.519928566305344	0.346	0.235	2.68288292358307e-56	c4	ASAH1
8.73849317170524e-61	0.447896515031413	0.617	0.506	2.9307158399265e-56	c4	AC016831.7
1.22112589801411e-60	0.417800777308028	0.592	0.467	4.09541203675971e-56	c4	SH3BP1
1.30094778601803e-60	0.433348885644897	0.521	0.396	4.36311868474725e-56	c4	HMGN3
1.48112203416547e-59	0.480034208899988	0.497	0.38	4.96738707818417e-55	c4	ILK
2.18045732882751e-59	0.410423585911644	0.571	0.452	7.31281778942171e-55	c4	TRABD
3.03801254298818e-59	0.162560754139339	0.942	0.878	1.01888864666738e-54	c4	RARRES3
5.99627387180422e-59	0.565718175612454	0.387	0.278	2.0110303311257e-54	c4	HACD4
3.48615903599251e-58	0.439141470312178	0.512	0.393	1.16918801749117e-53	c4	TMEM14C
1.09930705410314e-57	0.516613915298322	0.408	0.295	3.68685599805112e-53	c4	CD58
8.84856802844158e-57	0.619274780903552	0.367	0.265	2.96763274537874e-52	c4	TSTA3
1.3281037501465e-56	0.374563032777247	0.645	0.539	4.45419435724134e-52	c4	DOCK8
2.18202380757304e-56	0.566934872509358	0.356	0.252	7.31807144583847e-52	c4	FPGS
2.44526501437054e-56	0.297473913084444	0.782	0.676	8.20092980519593e-52	c4	CELF2
1.42049386169641e-55	0.444601940032056	0.442	0.331	4.7640523133574e-51	c4	CEMIP2
1.5751113828444e-55	0.478819939558766	0.492	0.385	5.28260855578356e-51	c4	PPCS
7.36185371260223e-55	0.574160479515292	0.322	0.223	2.46901849813254e-50	c4	PFKFB3
8.61472052882084e-55	0.428118739917897	0.433	0.32	2.88920497095593e-50	c4	SERTAD1
1.11643226891646e-54	0.537626829853707	0.361	0.255	3.74429054349203e-50	c4	PCMTD1
1.64285540159453e-54	0.614761534566975	0.322	0.225	5.50980844586772e-50	c4	ASXL2
1.64465275512953e-54	0.307710982392094	0.799	0.72	5.51583641015343e-50	c4	POLR2L
2.26436222154342e-54	0.54735160312474	0.338	0.236	7.59421801861232e-50	c4	RALGDS
1.23780377368883e-53	0.343443443945557	0.827	0.761	4.15134629619761e-49	c4	CALR
1.48647965832428e-53	0.383905528487404	0.73	0.632	4.98535547808796e-49	c4	RPS27L
1.02262420329202e-52	0.468660682556149	0.588	0.489	3.42967705300076e-48	c4	PIM1
1.63740341453393e-52	0.581672967362485	0.325	0.227	5.49152357166391e-48	c4	PACS1
2.09807597925021e-52	0.421262227268305	0.474	0.359	7.03652721920935e-48	c4	FLOT1
2.10494753250405e-52	0.436354518199232	0.488	0.38	7.05957303451209e-48	c4	PCM1
3.96097457262615e-52	0.283780570730855	0.785	0.685	1.32843165216736e-47	c4	WDR83OS
9.07589596381123e-52	0.529386238459727	0.367	0.265	3.04387398834301e-47	c4	LPIN1
1.5661590267897e-51	0.0927008180582085	0.842	0.69	5.2525841440473e-47	c4	ALOX5AP
2.2187416502099e-51	0.543552942421818	0.398	0.297	7.44121574647395e-47	c4	HDLBP
2.384978783819e-51	0.566513305457485	0.386	0.285	7.99874184517217e-47	c4	NUDT4
8.22148758814292e-51	0.553564666949744	0.319	0.222	2.75732250731137e-46	c4	KAT6B
1.5939517963002e-50	0.309445203351352	0.577	0.454	5.34579553443162e-46	c4	LIMS1
1.30811632708516e-49	0.330863546624932	0.683	0.57	4.38716053777821e-45	c4	SET
1.34858508241368e-48	0.580734423180508	0.347	0.252	4.52288464939901e-44	c4	COA1
1.44815482296375e-48	0.37991237225026	0.549	0.441	4.85682164525581e-44	c4	LASP1
2.22262760061582e-48	0.208885687029104	0.893	0.834	7.45424844694535e-44	c4	CD3G
2.63689120777831e-48	0.435829309846281	0.5	0.396	8.84360573264691e-44	c4	MMP24OS
5.65206976956509e-48	0.338813136755623	0.623	0.52	1.89559115931674e-43	c4	IQGAP1
8.15249070992176e-48	0.137271141944193	0.983	0.965	2.73418233429356e-43	c4	CYBA
2.27628386908122e-47	0.35915387481031	0.476	0.364	7.63420084012459e-43	c4	ZBTB38
2.41458299272978e-47	0.315342451156016	0.675	0.573	8.09802844101715e-43	c4	TAX1BP1
3.22811544995326e-47	0.365371414835482	0.358	0.254	1.08264535960532e-42	c4	CKS2
7.6735227983972e-47	0.143698890408734	0.984	0.962	2.57354607612645e-42	c4	H3F3A
9.04758379650569e-47	0.328297083695025	0.628	0.518	3.03437865367208e-42	c4	SEC11A
1.30243514979316e-46	0.290387783638878	0.731	0.635	4.3681070053763e-42	c4	ELF1
1.30336412000888e-46	0.343724224342496	0.63	0.525	4.37122258568577e-42	c4	TMEM230
1.56977336956657e-46	0.320262266834583	0.69	0.595	5.26470592685238e-42	c4	BZW1
2.49329305278169e-46	0.204281505984836	0.928	0.864	8.36200624041924e-42	c4	TPM3
9.66418260369777e-46	0.526843419381811	0.348	0.256	3.24117356162816e-41	c4	PTPN18
9.69370536326302e-46	0.300481033421981	0.631	0.519	3.25107490473115e-41	c4	DOK2
2.29732313929181e-45	0.427977267369984	0.429	0.327	7.70476234455686e-41	c4	SMARCA2
3.37306239576829e-45	0.531664082647278	0.363	0.269	1.13125766629277e-40	c4	MIF4GD
5.35870406639743e-45	0.371013278326623	0.562	0.465	1.79720216978837e-40	c4	SEMA4D
8.27048847400147e-45	0.320867129274275	0.529	0.417	2.77375642441061e-40	c4	CHST12
9.92553345502921e-45	0.427733458152213	0.539	0.439	3.3288254101477e-40	c4	EVI2A
1.1803506057919e-44	0.475376843762693	0.345	0.25	3.95865986170488e-40	c4	SLFN12L
1.23109469104563e-44	0.492277280579639	0.366	0.271	4.12884537482883e-40	c4	RPS6KA1
3.29355469033733e-44	0.444291234664002	0.351	0.253	1.10459237204533e-39	c4	RNF11
3.73528934420777e-44	0.407386038582236	0.456	0.354	1.2527413402604e-39	c4	GLO1
5.12754669568763e-44	0.306865507595816	0.675	0.571	1.71967661079972e-39	c4	RNPS1
5.4306795421671e-44	0.563161109722522	0.35	0.259	1.821341304852e-39	c4	SNHG15
6.70513883921815e-44	0.412303616142017	0.438	0.336	2.24876946389698e-39	c4	CHST11
8.91282537131337e-44	0.391269435249527	0.485	0.379	2.98918337303108e-39	c4	DEGS1
9.84909513394052e-44	0.334482236793318	0.62	0.509	3.30318952602097e-39	c4	NDUFS8
1.4291887859407e-43	0.319081426396308	0.661	0.56	4.79321335028792e-39	c4	CAPZA1
4.98357811844558e-43	0.474797242598588	0.326	0.234	1.67139242936428e-38	c4	DCAF5
8.69561779308282e-43	0.455542690514536	0.4	0.305	2.91633629544412e-38	c4	CCDC115
9.90376032810358e-43	0.162256405640871	0.965	0.93	3.32152313883938e-38	c4	UBB
1.18137579667321e-42	0.367489050763642	0.478	0.377	3.9620981468826e-38	c4	DYNC1H1
1.48721053213708e-42	0.390563070093275	0.497	0.396	4.98780668268135e-38	c4	JAML
2.10731553205965e-42	0.346798091094216	0.472	0.367	7.06751483142167e-38	c4	APMAP
2.80047584262765e-42	0.201703659916534	0.884	0.817	9.3922358810046e-38	c4	LCP2
5.43956217366431e-42	0.495669642469157	0.314	0.225	1.82432036180354e-37	c4	PRKAR2A
5.78413045949048e-42	0.476050069636806	0.4	0.307	1.93988167350392e-37	c4	UBTF
1.09324394881234e-41	0.335266096033267	0.613	0.509	3.66652155552682e-37	c4	PARP8
1.40326170200284e-41	0.469563346229671	0.341	0.248	4.70625909617713e-37	c4	A1BG
2.35801996308896e-41	0.261109361286757	0.827	0.753	7.90832735220776e-37	c4	MYH9
4.62926197574516e-41	0.181403906426376	0.951	0.912	1.55256188142541e-36	c4	PCBP2
5.37650368552024e-41	0.420462572824117	0.521	0.431	1.80317180604978e-36	c4	FAM177A1
6.26493021561058e-41	0.279148726640167	0.696	0.606	2.10113229571148e-36	c4	CD164
1.45007746185948e-40	0.193955762837503	0.87	0.78	4.86326979158431e-36	c4	PPP1CA
1.4688628493963e-40	0.36290159510084	0.431	0.332	4.9262722243053e-36	c4	DUSP5
1.79205823999972e-40	0.445388588421043	0.376	0.282	6.01020492531105e-36	c4	SERPINB9
1.84499743719873e-40	0.387184921739091	0.486	0.39	6.1877524048771e-36	c4	MGAT1
2.51095798252112e-40	0.278493238514204	0.598	0.493	8.42125088177933e-36	c4	RBMS1
3.6604757720746e-40	0.451509522018609	0.401	0.31	1.22765036443838e-35	c4	HPS1
3.73544743524434e-40	0.450736535608704	0.405	0.315	1.25279436083225e-35	c4	AMZ2
4.9466570680161e-40	0.308602393247789	0.645	0.539	1.65900984747124e-35	c4	SCAND1
5.19438129474829e-40	0.510831644689814	0.452	0.361	1.74209159863268e-35	c4	SDF2L1
6.42684755622827e-40	0.21032090249373	0.875	0.807	2.15543613340784e-35	c4	PTGES3
1.31620926961321e-39	0.409164876373204	0.431	0.335	4.41430264842879e-35	c4	MAP2K2
1.37789960121781e-39	0.249609456554956	0.786	0.708	4.62119968256429e-35	c4	ANXA11
1.44347508143059e-39	0.474216847247756	0.343	0.255	4.84112672810193e-35	c4	C21orf91
1.50798460914424e-39	0.39940125112476	0.399	0.303	5.05747878214796e-35	c4	TNFRSF1A
1.54911778176193e-39	0.315887988185166	0.575	0.471	5.19543121647316e-35	c4	ROCK1
1.59415977978924e-39	0.258775385224246	0.748	0.661	5.34649306945715e-35	c4	RABAC1
2.18101677634189e-39	0.377176341306186	0.414	0.319	7.31469406449544e-35	c4	INPP5D
1.60909508970113e-38	0.366219802703201	0.479	0.38	5.39658311183966e-34	c4	ARL2BP
2.07357670133856e-38	0.333182587438158	0.548	0.446	6.95436154094926e-34	c4	MLF2
2.66031463868066e-38	0.326151127797088	0.377	0.279	8.92216323520721e-34	c4	BCL2
5.55136704578459e-38	0.318963624578969	0.509	0.402	1.86181747981524e-33	c4	NUCB2
1.20442281950415e-37	0.255067521991852	0.549	0.442	4.039393252053e-33	c4	GYG1
4.58064107754299e-37	0.443611693568123	0.381	0.294	1.53625540458637e-32	c4	MPC1
6.93769107637118e-37	0.35244435045446	0.447	0.351	2.32676283319337e-32	c4	RASA2
1.12169697520921e-36	0.383294717551522	0.425	0.334	3.76194731545665e-32	c4	PPP1CB
1.16625812615645e-36	0.392288739207245	0.4	0.305	3.91139650350349e-32	c4	PRNP
2.02826295270848e-36	0.493656751385888	0.313	0.232	6.80238829079371e-32	c4	ZNF217
2.19995775091274e-36	0.435429921587773	0.315	0.231	7.37821830501115e-32	c4	TBX21
2.89378028863913e-36	0.381489908632638	0.462	0.367	9.70516033203792e-32	c4	SRM
3.12751032856446e-36	0.42685898489493	0.392	0.306	1.04890441399395e-31	c4	ZFAND6
3.26432968419045e-36	0.249002756276247	0.813	0.737	1.09479088948379e-31	c4	TXNIP
7.14663411319632e-36	0.402521526026607	0.453	0.364	2.39683814888378e-31	c4	RNF139
9.27128316854294e-36	0.465083046726177	0.335	0.254	3.10940294906593e-31	c4	MFSD14A
1.01112548584105e-35	0.370714063174725	0.387	0.295	3.3911126544137e-31	c4	MDFIC
1.25369082608942e-35	0.402088175747228	0.448	0.357	4.2046282925387e-31	c4	TMOD3
1.47453782999383e-35	0.135775625539932	0.945	0.895	4.9453049742333e-31	c4	LCK
1.76902884999584e-35	0.432701482205152	0.327	0.244	5.93296895711603e-31	c4	B4GALT1
1.79448889601195e-35	0.424672685661404	0.361	0.277	6.01835685944486e-31	c4	ST8SIA4
3.6392622340667e-35	0.330668810371455	0.524	0.432	1.22053576806129e-30	c4	PHF20
4.27509160409012e-35	0.366558080050563	0.317	0.231	1.43378022217974e-30	c4	AHR
7.77464351122351e-35	0.423521572893459	0.347	0.262	2.60745994079414e-30	c4	FYTTD1
1.10319003925516e-34	0.270973306506218	0.667	0.566	3.69987875365396e-30	c4	C9orf78
1.21435284671967e-34	0.435232297625532	0.315	0.232	4.07269657732844e-30	c4	TTC19
1.24380771540361e-34	0.232069013840574	0.72	0.644	4.17148231592062e-30	c4	REX1BD
1.99097656625455e-34	0.272285738427103	0.653	0.563	6.67733720790451e-30	c4	LAMP1
2.07504736688733e-34	0.331451182427349	0.554	0.458	6.95929385906673e-30	c4	MOB1A
3.13160747527114e-34	0.421563836206198	0.325	0.243	1.05027851505643e-29	c4	HERC1
5.02908144972527e-34	0.181328888858758	0.715	0.621	1.68665333660886e-29	c4	CSRNP1
6.65855240624862e-34	0.18796077876891	0.913	0.866	2.23314530600766e-29	c4	ALDOA
9.52179981640283e-34	0.404903487321142	0.379	0.294	3.19342122242518e-29	c4	SEPHS2
1.39360289199264e-33	0.357159483026986	0.512	0.426	4.67386537916493e-29	c4	EIF1AX
1.46566295079112e-33	0.265103074991473	0.639	0.548	4.91554040436327e-29	c4	AUP1
1.70769701113124e-33	0.123994089883361	0.969	0.919	5.72727423593195e-29	c4	CLIC1
2.92904079372546e-33	0.276973178647826	0.602	0.51	9.82341701399646e-29	c4	TAF7
3.23006473947547e-33	0.392978055893866	0.387	0.303	1.08329911232528e-28	c4	COMMD8
5.08983709091159e-33	0.397126454179712	0.364	0.281	1.70702956354993e-28	c4	BLOC1S4
6.18269151176852e-33	0.374082019280983	0.331	0.25	2.07355107921693e-28	c4	CTSD
6.24801367536387e-33	0.27759446484179	0.321	0.235	2.09545882644353e-28	c4	CISH
8.99421198144614e-33	0.359723139855668	0.382	0.296	3.01647881433741e-28	c4	NIN
1.05504425632529e-32	0.232345838629018	0.753	0.666	3.53840742686374e-28	c4	EID1
1.43675833803702e-32	0.467328768084667	0.303	0.226	4.81860011410857e-28	c4	AGTRAP
1.52490348001473e-32	0.313324601742033	0.509	0.421	5.1142212912734e-28	c4	MACF1
1.65336934470977e-32	0.357757857542693	0.474	0.382	5.54507010828762e-28	c4	AC243960.1
2.88500225988319e-32	0.227037238248981	0.791	0.723	9.67572057919624e-28	c4	HSPE1
3.08035815437567e-32	0.389133365850967	0.318	0.238	1.03309051781451e-27	c4	PREX1
4.64295953022447e-32	0.252980173492033	0.684	0.583	1.55715576724668e-27	c4	ENSA
8.11661079262224e-32	0.294926299482664	0.524	0.433	2.72214892762965e-27	c4	ISG15
8.73087669996013e-32	0.233241298635547	0.731	0.632	2.92816142763263e-27	c4	PRELID1
1.03371764647175e-31	0.377464739827463	0.387	0.305	3.46688224273697e-27	c4	UBE2J1
1.08436164514118e-31	0.28508186950964	0.599	0.507	3.63673208547448e-27	c4	METTL9
1.27368863753439e-31	0.344096688005079	0.378	0.291	4.27169695256285e-27	c4	OFD1
1.49225752444264e-31	0.387303952026278	0.374	0.292	5.00473328547574e-27	c4	MAZ
1.847874090249e-31	0.37477086363557	0.427	0.344	6.1974001238771e-27	c4	DAXX
2.28112575305466e-31	0.33609753116551	0.327	0.243	7.65043955059472e-27	c4	PERP
2.41222975653522e-31	0.27021072094828	0.61	0.52	8.09013615746781e-27	c4	STUB1
3.16379976918019e-31	0.243790805046179	0.715	0.642	1.06107516658765e-26	c4	EMD
4.20245107789458e-31	0.337157914221355	0.399	0.314	1.40941804250428e-26	c4	PTPRA
4.93531790868721e-31	0.202535473875527	0.807	0.753	1.65520692021552e-26	c4	CIB1
7.62305275664701e-31	0.336068953537148	0.411	0.326	2.55661943352427e-26	c4	SNHG12
9.42052174189107e-31	0.395261046716617	0.39	0.309	3.15945458179543e-26	c4	UHMK1
9.58791994147175e-31	0.290511713663708	0.601	0.521	3.2155965899708e-26	c4	CAST
1.0749975029966e-30	0.273781768343415	0.544	0.457	3.60532662555001e-26	c4	YPEL3
1.39456823355964e-30	0.406729530154343	0.301	0.223	4.67710294171233e-26	c4	TPD52
1.89150560142003e-30	0.332797640597876	0.44	0.351	6.3437314860425e-26	c4	CDC26
2.08653808221608e-30	0.20814470336469	0.75	0.649	6.99783142013628e-26	c4	DBI
2.4635908944072e-30	0.308968274591013	0.507	0.422	8.26239114166285e-26	c4	MAF1
2.75250483153129e-30	0.341963471026324	0.43	0.347	9.23135070398964e-26	c4	ADSS
4.36928987202112e-30	0.360399093581394	0.378	0.297	1.46537243727844e-25	c4	CNOT6L
7.14645206167425e-30	0.333753980947602	0.428	0.345	2.39677709244431e-25	c4	RCN2
1.09002600250037e-29	0.22978473085238	0.72	0.628	3.65572920718574e-25	c4	SH2D2A
1.19493106817639e-29	0.334681975192026	0.446	0.362	4.00755981644997e-25	c4	HSF1
2.31048334786987e-29	0.297529464592233	0.515	0.43	7.74889905208598e-25	c4	TMEM9B
2.50078628613035e-29	0.442664532073349	0.315	0.242	8.38713704642398e-25	c4	SLC25A1
3.3687908059688e-29	0.527268647801262	0.327	0.257	1.12982506050581e-24	c4	INSIG1
4.27876866895466e-29	0.170149760797713	0.91	0.86	1.43501343619401e-24	c4	LCP1
4.47983480910969e-29	0.319150561487811	0.444	0.36	1.50244699827921e-24	c4	TTC3
1.01453089995086e-28	0.386938202126566	0.327	0.251	3.40253373225521e-24	c4	TP53I13
1.21378385158698e-28	0.377192858150519	0.382	0.305	4.0707882814524e-24	c4	PEF1
1.52799077005794e-28	0.336780347482052	0.421	0.338	5.12457544462031e-24	c4	LYPLA1
2.0446709169965e-28	0.385636213665999	0.348	0.273	6.85741732142285e-24	c4	RPS6KA3
2.88574118906354e-28	0.417010820406902	0.305	0.234	9.67819879988129e-24	c4	C19orf25
3.17772659042945e-28	0.346213141879293	0.377	0.297	1.06574594389823e-23	c4	B3GAT3
3.64782619619106e-28	0.368521808338888	0.366	0.289	1.22340794967856e-23	c4	SIPA1
3.68435908904474e-28	0.305031677681223	0.404	0.32	1.23566035128382e-23	c4	APOBEC3C
4.70772050055273e-28	0.317435063537687	0.468	0.381	1.57887530147538e-23	c4	TADA3
4.86790716608386e-28	0.190297056830453	0.821	0.75	1.6325987053612e-23	c4	APBB1IP
6.68947130109427e-28	0.213605996008539	0.737	0.652	2.243514884961e-23	c4	UBE2I
7.25412816044246e-28	0.285222799347733	0.504	0.418	2.43288950244919e-23	c4	DHX36
8.23160504504359e-28	0.349328415486091	0.397	0.32	2.76071570000672e-23	c4	AP3S1
8.40892390473733e-28	0.29374487806086	0.526	0.443	2.82018489917081e-23	c4	CTDSP1
9.30457395576724e-28	0.173492401600503	0.812	0.736	3.12056801328522e-23	c4	MSN
1.23309228388867e-27	0.377938634127738	0.362	0.287	4.13554490170581e-23	c4	GTF2I
2.87751672927165e-27	0.31028508225279	0.468	0.387	9.65061560663126e-23	c4	CPNE1
3.33959817757387e-27	0.319316183134316	0.443	0.365	1.12003443679472e-22	c4	ZNF800
3.64485645244395e-27	0.296531352525575	0.616	0.539	1.22241195702065e-22	c4	SDCBP
3.80781079015162e-27	0.436613742624732	0.321	0.252	1.27706358280105e-22	c4	ELP5
3.96018291834172e-27	0.207668735408429	0.785	0.716	1.32816614715345e-22	c4	CDC42
7.65123958909263e-27	0.163074980394659	0.959	0.923	2.56607273338989e-22	c4	SRP14
8.69396435717884e-27	0.268657468307237	0.564	0.475	2.91578176611064e-22	c4	VDAC1
9.46447794864263e-27	0.39305612695757	0.342	0.272	3.17419661441577e-22	c4	SMIM12
1.01767762258936e-26	0.366539041896482	0.337	0.264	3.41308721064019e-22	c4	DNAJC3
1.01869351215908e-26	0.237716395815793	0.615	0.539	3.41649430107912e-22	c4	TSTD1
1.0297047547372e-26	0.333190251195147	0.378	0.298	3.45342380643764e-22	c4	TMEM50B
1.03647636552003e-26	0.348263340715356	0.379	0.304	3.47613443468109e-22	c4	ZFAND2B
2.2467770008989e-26	0.207868702888666	0.742	0.664	7.53524070561472e-22	c4	RBM8A
2.5613141230914e-26	0.159112738620787	0.696	0.595	8.59013530602395e-22	c4	DEK
3.74631390123283e-26	0.402680075087842	0.328	0.258	1.25643875619547e-21	c4	ZNF394
4.7979914655747e-26	0.320830981567126	0.4	0.321	1.60915037772444e-21	c4	CISD3
6.66063523633719e-26	0.252583250484167	0.534	0.447	2.23384384556277e-21	c4	NAA10
8.24721836495154e-26	0.375199150242217	0.303	0.235	2.76595209523745e-21	c4	UBN1
8.40624807789386e-26	0.246340583950127	0.436	0.354	2.81928748036404e-21	c4	UGP2
8.7488372828507e-26	0.447345398809937	0.302	0.237	2.93418504792247e-21	c4	DLST
1.15066592800968e-25	0.221475122758489	0.693	0.603	3.85910338935886e-21	c4	PA2G4
1.75704294577544e-25	0.227290906702052	0.598	0.512	5.89277063154166e-21	c4	PTPN7
2.06934009198402e-25	0.381960558584364	0.3	0.231	6.94015280049599e-21	c4	KPNA4
2.72644080027881e-25	0.239211859988678	0.644	0.566	9.14393715597508e-21	c4	TMED2
3.0668843030693e-25	0.0985299811470881	0.913	0.867	1.02857165756338e-20	c4	SRSF7
4.01840827115071e-25	0.348200222786814	0.395	0.321	1.34769376597852e-20	c4	SMARCB1
4.2913988803475e-25	0.237661025389682	0.56	0.479	1.43924935649094e-20	c4	TGFB1
4.57895264556477e-25	0.232925652378054	0.659	0.576	1.53568913826951e-20	c4	PDIA6
5.0389401577875e-25	0.287096929681644	0.456	0.377	1.68995975011877e-20	c4	DERL1
7.5919994826473e-25	0.290869030392301	0.44	0.361	2.54620478649025e-20	c4	ODF2L
7.956140677498e-25	0.291254746899484	0.432	0.354	2.66833046041928e-20	c4	TMED5
9.20594880583963e-25	0.194498978755527	0.766	0.701	3.0874911105025e-20	c4	PRRC2C
1.01521543272e-24	0.263711860246879	0.434	0.354	3.40482951825635e-20	c4	PLEKHF1
1.10033497194332e-24	0.364013999462863	0.32	0.253	3.6903034289035e-20	c4	HECTD1
1.58655898424604e-24	0.393382272966221	0.304	0.238	5.32100152136436e-20	c4	DCTD
1.71033468335716e-24	0.311979807207515	0.425	0.348	5.73612046104325e-20	c4	CD55
1.75467585569858e-24	0.31703355291528	0.393	0.319	5.88483188484188e-20	c4	PDCD6IP
1.80164590553e-24	0.410007937518669	0.318	0.252	6.04236003796653e-20	c4	CDK6
2.16978163925715e-24	0.0267045152476761	0.994	0.974	7.27701366174063e-20	c4	PTPRCAP
2.43082922750214e-24	0.147577719481839	0.773	0.685	8.15251506319669e-20	c4	C9orf16
2.4360404714668e-24	0.246739601456843	0.567	0.489	8.16999253320536e-20	c4	SCAMP2
3.32156566239788e-24	0.301372838216036	0.424	0.347	1.113986691855e-19	c4	OGFR
5.87669362268392e-24	0.28112681655377	0.411	0.335	1.97092550717573e-19	c4	PITHD1
6.22421288050795e-24	0.299989628251288	0.443	0.37	2.08747651586476e-19	c4	PRPF4B
6.6810256850058e-24	0.218670370787734	0.625	0.546	2.24068239423724e-19	c4	BIN1
7.2216756123926e-24	0.258580290909145	0.56	0.476	2.42200556688423e-19	c4	LAMTOR1
8.28273245821233e-24	0.209621900917924	0.742	0.677	2.77786281183525e-19	c4	VPS28
1.39260074931744e-23	0.303910986841276	0.415	0.343	4.67050439306082e-19	c4	DNM2
3.08812963311483e-23	0.360101595993154	0.311	0.243	1.03569691635405e-18	c4	PPID
3.18674493988504e-23	0.259698871951652	0.547	0.47	1.06877051793865e-18	c4	SNX17
3.88491196511407e-23	0.21213207499377	0.664	0.585	1.30292177485996e-18	c4	ACTR2
3.91354789398806e-23	0.231947056256693	0.556	0.48	1.31252569268571e-18	c4	CANX
1.00160370733934e-22	0.304454323741791	0.383	0.311	3.35917851367468e-18	c4	RBBP7
1.03230098619763e-22	0.260624163515111	0.45	0.37	3.46213104750961e-18	c4	HSD17B11
1.39989123021907e-22	0.348618653439716	0.301	0.235	4.69495520790871e-18	c4	ACD
1.46867839463327e-22	0.33196896517136	0.304	0.239	4.92565359992106e-18	c4	PPP2R5E
2.54201163441464e-22	0.319340094369456	0.407	0.337	8.52539861949982e-18	c4	FIBP
3.10134766957714e-22	0.259021352267381	0.44	0.365	1.04012998142278e-17	c4	PTBP3
3.3804934065604e-22	0.260975711822928	0.499	0.424	1.13374987869223e-17	c4	CCT2
3.68795706930479e-22	0.29492189008503	0.425	0.354	1.23686704190344e-17	c4	FDX1
5.02815550920365e-22	0.219925968007209	0.52	0.437	1.68634279467672e-17	c4	TMEM160
5.95798059613016e-22	0.217048420785853	0.583	0.505	1.99818753233013e-17	c4	OCIAD1
6.06757217529096e-22	0.381369070707546	0.309	0.246	2.03494235614908e-17	c4	RAMMET
6.57379427234837e-22	0.232646613875133	0.564	0.489	2.20471912306019e-17	c4	METTL26
7.7102525513965e-22	0.305546256174183	0.349	0.282	2.58586450068736e-17	c4	SENP6
7.77371857416075e-22	0.329728338100956	0.34	0.275	2.60714973540203e-17	c4	TTC14
8.22064375027799e-22	0.256387050722794	0.488	0.41	2.75703950096823e-17	c4	TCP1
9.27442799288455e-22	0.280879918522448	0.446	0.373	3.11045766025362e-17	c4	NR1H2
1.01186451106875e-21	0.296682744440482	0.416	0.345	3.39359119722238e-17	c4	RELA
1.01540930448719e-21	0.268252457479202	0.465	0.394	3.40547972538915e-17	c4	ZRANB2
1.05354299947597e-21	0.232672717858935	0.551	0.471	3.53337251164252e-17	c4	NDUFV1
1.05891432592542e-21	0.263373332120106	0.473	0.397	3.55138686628866e-17	c4	CYB5R3
1.20593630144518e-21	0.306406430054139	0.371	0.301	4.04446916778685e-17	c4	ARRDC1
1.49193567763431e-21	0.19459207944062	0.659	0.586	5.00365387564995e-17	c4	STAT3
1.92835323688597e-21	0.318564785466093	0.379	0.312	6.46731108586816e-17	c4	INPP4A
2.23519547578587e-21	0.160915076290225	0.731	0.668	7.49639858669066e-17	c4	DDX24
2.57085072944212e-21	0.271400987853503	0.47	0.399	8.62211917640297e-17	c4	ZFAND5
3.01683878670005e-21	0.315828680252565	0.373	0.307	1.01178739228346e-16	c4	CEBPZ
3.67271225535569e-21	0.22489322907774	0.575	0.505	1.23175423620119e-16	c4	SCAF11
3.7251626563426e-21	0.215816187888814	0.543	0.467	1.24934505168418e-16	c4	PNRC2
3.95489921201441e-21	0.154659962278507	0.676	0.603	1.32639409772539e-16	c4	IDS
5.48189815607618e-21	0.312477222376309	0.389	0.321	1.83851900358483e-16	c4	COX20
7.5360328212147e-21	0.207122200315886	0.594	0.521	2.52743468757899e-16	c4	KTN1
8.60275326770454e-21	0.184622706437623	0.664	0.586	2.88519139092275e-16	c4	NCOR1
8.96486816188893e-21	0.249278213521417	0.54	0.465	3.00663748413431e-16	c4	HM13
9.67842005927536e-21	0.286712598826412	0.387	0.317	3.24594851947977e-16	c4	TMEM147
1.0354563583e-20	0.248245689086792	0.42	0.351	3.47271353446654e-16	c4	TRA2A
1.07350914896606e-20	0.225647018936725	0.544	0.47	3.60033498380236e-16	c4	R3HDM4
1.1207287718126e-20	0.207522435907953	0.549	0.476	3.75870015490511e-16	c4	AKNA
1.19711754973392e-20	0.116018946414651	0.82	0.732	4.01489283829762e-16	c4	GYPC
1.28124296212972e-20	0.232063783448683	0.417	0.346	4.29703264639065e-16	c4	HSPH1
1.42341422498859e-20	0.29484956132922	0.347	0.282	4.77384662776675e-16	c4	SPPL2A
1.58827922607774e-20	0.347099693042651	0.312	0.25	5.32677086841952e-16	c4	PIGC
2.02278603356164e-20	0.319173723490794	0.382	0.316	6.78401979935903e-16	c4	PQLC3
2.17851329814586e-20	0.288448746708637	0.307	0.242	7.30629789932159e-16	c4	USP20
2.80699586678517e-20	0.249964511165596	0.437	0.366	9.41410273802409e-16	c4	DENND1C
2.85184801808726e-20	0.32705028660968	0.32	0.257	9.56452788306106e-16	c4	IMP4
2.95615515019873e-20	0.301377738879128	0.391	0.324	9.91435314273651e-16	c4	VPS36
2.97060307911573e-20	0.189751711385679	0.614	0.526	9.96280860673834e-16	c4	BANF1
2.99043219392329e-20	0.180543933184639	0.533	0.442	1.00293114919799e-15	c4	RGL4
3.5809157756937e-20	0.158235507947991	0.732	0.661	1.20096753285215e-15	c4	KMT2E
3.89218636957578e-20	0.320849416784534	0.366	0.302	1.30536146462832e-15	c4	BLOC1S2
4.19730603704204e-20	0.282947172578311	0.425	0.355	1.40769249870316e-15	c4	AHSA1
5.9118690517476e-20	0.22506721579912	0.504	0.423	1.98272264257511e-15	c4	NUDC
6.96574499941579e-20	0.254802778672438	0.436	0.367	2.33617155790407e-15	c4	RAB6A
7.1548052690095e-20	0.315869871929919	0.344	0.281	2.39957859112041e-15	c4	ABTB1
8.44031381306771e-20	0.20642391914364	0.592	0.511	2.83071244662665e-15	c4	SF3A2
8.57261501326322e-20	0.139910317235418	0.859	0.813	2.87508362314822e-15	c4	MBNL1
1.29536500238869e-19	0.322494726206948	0.329	0.267	4.34439514501119e-15	c4	CDC40
1.48319123098296e-19	0.133908654883981	0.816	0.743	4.97432675047066e-15	c4	DRAP1
1.4894076875369e-19	0.298420614195663	0.357	0.294	4.99517550246127e-15	c4	CD2BP2
1.56063930324415e-19	0.172706061730854	0.393	0.319	5.23407209522023e-15	c4	PRDM1
1.58334047596122e-19	0.288859084206279	0.362	0.295	5.31020728827874e-15	c4	CENPC
1.63284793678212e-19	0.234647481546793	0.536	0.466	5.47624541037986e-15	c4	IRF2
1.75640366686849e-19	0.2792733054746	0.382	0.315	5.89062661794354e-15	c4	DNTTIP2
2.05799991804047e-19	0.350956468888079	0.345	0.286	6.90212012512413e-15	c4	UBL7
2.60548630935342e-19	0.185704071202232	0.686	0.615	8.7382799843095e-15	c4	UBXN4
3.34208378089341e-19	0.168683793680764	0.733	0.654	1.12086805843603e-14	c4	GNG2
4.45731145537116e-19	0.279047478091148	0.347	0.282	1.49489311590238e-14	c4	AFF4
4.59309319721416e-19	0.258873750205951	0.476	0.407	1.54043159648169e-14	c4	RAB14
5.03690005333148e-19	0.282757146571845	0.355	0.289	1.68927553988631e-14	c4	FBXL5
5.17036854881611e-19	0.27579219532607	0.363	0.298	1.73403820390195e-14	c4	CISD2
5.63334300208138e-19	0.268086518963602	0.37	0.304	1.88931057603805e-14	c4	HELZ
5.75269542541746e-19	0.347361154937116	0.31	0.252	1.92933899177651e-14	c4	PIGT
5.7538988067425e-19	0.184299531517294	0.647	0.568	1.9297425818053e-14	c4	SRI
5.85245719853163e-19	0.350790425900086	0.307	0.25	1.96279709524354e-14	c4	ACADM
6.59120927730821e-19	0.220853239455208	0.527	0.451	2.21055976742363e-14	c4	CCT6A
6.93764332076528e-19	0.221678611691515	0.469	0.397	2.32674681691826e-14	c4	OSBPL8
9.28005017227519e-19	0.319605432544473	0.308	0.248	3.11234322677765e-14	c4	USP47
1.13390303509886e-18	0.268166144991756	0.368	0.304	3.80288399911457e-14	c4	LSM10
1.14928731242713e-18	0.281228161280447	0.357	0.293	3.85447978841811e-14	c4	NBDY
1.43462786037805e-18	0.28854931222906	0.335	0.27	4.8114549181359e-14	c4	CALHM2
1.66186445187188e-18	0.239249968219028	0.45	0.38	5.5735609986879e-14	c4	UFM1
1.6791985204312e-18	0.165102938966849	0.59	0.513	5.63169599782215e-14	c4	TENT5C
1.90883204776022e-18	0.288451451565169	0.366	0.303	6.40184092177823e-14	c4	BBX
2.11579958283436e-18	0.167826084678317	0.757	0.676	7.09596864090989e-14	c4	DYNLL1
2.50412169748329e-18	0.264815690325607	0.431	0.364	8.39832334901945e-14	c4	EIF6
2.52116885604526e-18	0.213783993537173	0.564	0.491	8.45549610940458e-14	c4	PPP1R12A
2.71377838786797e-18	0.288252104815461	0.368	0.305	9.10146995723161e-14	c4	STARD7
2.72541390265906e-18	0.264631020803107	0.397	0.333	9.14049314673795e-14	c4	DCAF7
2.80363756109865e-18	0.141746283198589	0.757	0.697	9.40283965241264e-14	c4	VAMP8
6.33351109298883e-18	0.201300289656253	0.577	0.509	2.12413295036659e-13	c4	SCP2
7.05823162196102e-18	0.333333340476204	0.334	0.276	2.36718972137329e-13	c4	RANGRF
7.30952116100105e-18	0.336365846293727	0.327	0.271	2.45146720697653e-13	c4	NXT1
1.048707976057e-17	0.182082024162281	0.516	0.448	3.51715681009998e-13	c4	CMTM6
1.07800344879281e-17	0.273742785980215	0.408	0.344	3.61540796656133e-13	c4	C19orf24
1.0805202885582e-17	0.0684667369447154	0.989	0.978	3.62384894376649e-13	c4	SRGN
1.2166746131404e-17	0.301142554124597	0.33	0.27	4.08048331755028e-13	c4	ERICH1
1.44727838120574e-17	0.206338531911955	0.426	0.349	4.85388223488783e-13	c4	PHF1
2.17915738737507e-17	0.23241358729878	0.483	0.418	7.30845804577851e-13	c4	PSMB8-AS1
2.38701987865997e-17	0.320956761593674	0.308	0.252	8.00558726904982e-13	c4	APPL1
2.54783479548348e-17	0.194903401670293	0.544	0.475	8.5449283370925e-13	c4	STRAP
2.88585285856355e-17	0.182930807743907	0.729	0.687	9.67857331705044e-13	c4	YPEL5
2.96264389324156e-17	0.178664116711271	0.589	0.515	9.93611508915354e-13	c4	TRIM22
3.31537353430637e-17	0.252425050133213	0.407	0.344	1.11190997593567e-12	c4	NAXE
4.68613784776888e-17	0.231370869462436	0.405	0.341	1.57163691138473e-12	c4	PRRC2B
4.69374613554555e-17	0.272272673316678	0.362	0.3	1.57418857893927e-12	c4	LAGE3
4.87554491612507e-17	0.168969344687142	0.494	0.422	1.63516025397003e-12	c4	CDK17
6.17217183202388e-17	0.203925662189949	0.534	0.463	2.07002298902417e-12	c4	EIF3A
6.30816470684695e-17	0.218704648601855	0.3	0.24	2.11563227938233e-12	c4	TRIB2
7.9814518863293e-17	0.185395960229353	0.398	0.331	2.67681933363712e-12	c4	PDE4D
8.40290006884784e-17	0.238885149556756	0.368	0.305	2.81816462509019e-12	c4	SRSF8
9.04091789897543e-17	0.268797609116516	0.394	0.332	3.03214304495838e-12	c4	NGRN
9.20869688133309e-17	0.133593529826741	0.829	0.764	3.08841276006149e-12	c4	ATP5F1D
9.70930753830956e-17	0.257299210970341	0.387	0.327	3.25630756219826e-12	c4	NDUFAF8
9.89233460084367e-17	0.194910758342471	0.549	0.482	3.31769117843095e-12	c4	SRRM2
1.03130519363854e-16	0.250789548425113	0.412	0.351	3.45879135842494e-12	c4	BPTF
1.42031344031334e-16	0.178003969040183	0.526	0.456	4.76344721612287e-12	c4	PNN
1.55545986567246e-16	0.263189031161171	0.362	0.302	5.21670129749229e-12	c4	RPL7L1
1.56405374062264e-16	0.202180836696414	0.475	0.402	5.24552343530021e-12	c4	C11orf98
2.24980334589695e-16	0.264940996490311	0.317	0.259	7.54539046146917e-12	c4	SLC25A38
2.30240433301934e-16	0.112940870041563	0.805	0.73	7.72180365208027e-12	c4	WIPF1
2.58765402464901e-16	0.190426962496545	0.504	0.434	8.67847406786786e-12	c4	C4orf48
2.68504429456309e-16	0.245025570402701	0.418	0.358	9.0051015551057e-12	c4	TINF2
2.78183495444267e-16	0.210716178927839	0.6	0.531	9.32971807020983e-12	c4	ROMO1
3.02562056603912e-16	0.197775377036145	0.597	0.532	1.0147326254382e-11	c4	MEAF6
3.05250721695175e-16	0.227239320120425	0.447	0.382	1.02374987042128e-11	c4	MAT2A
3.59965348298112e-16	0.216477784092982	0.444	0.38	1.20725178512221e-11	c4	RPP21
4.03863142071314e-16	0.223795142902407	0.499	0.436	1.35447620587877e-11	c4	NSMCE3
4.67508889530351e-16	0.196444436560821	0.556	0.493	1.56793131370689e-11	c4	PAPOLA
4.86180459618432e-16	0.151916087376768	0.77	0.719	1.6305520254683e-11	c4	SUN2
5.49715845819289e-16	0.254919099946027	0.391	0.331	1.84363700370873e-11	c4	EPS15
6.62925082035309e-16	0.014068588080449	0.533	0.442	2.22331814013002e-11	c4	APOBEC3G
7.43440771848384e-16	0.244943984201212	0.307	0.251	2.49335166062511e-11	c4	CHD4
8.62825264947109e-16	0.176081125986172	0.498	0.429	2.89374337357962e-11	c4	RTN4
1.09810160738926e-15	0.242449622978269	0.3	0.242	3.68281317086211e-11	c4	TMEM43
1.25935021468979e-15	0.196624593812948	0.495	0.423	4.22360875002661e-11	c4	MIEN1
1.46782807158306e-15	0.284115216829703	0.332	0.277	4.92280178647528e-11	c4	BAG1
1.87395578828346e-15	0.180102646713047	0.54	0.469	6.28487292274506e-11	c4	POLR3GL
2.0726818512293e-15	0.181791690134961	0.359	0.294	6.95136039265282e-11	c4	GOLGA8B
2.43973070520839e-15	0.213380953107092	0.521	0.451	8.18236883912791e-11	c4	POLR2G
2.61114367892543e-15	0.0912023217383831	0.965	0.935	8.75725367038011e-11	c4	CCNI
2.8007504821672e-15	0.184515385507088	0.495	0.427	9.39315696709234e-11	c4	DSTN
2.8190236784116e-15	0.234637078137164	0.396	0.333	9.45444161265684e-11	c4	AKR1B1
3.37346650837499e-15	0.207677425669574	0.471	0.407	1.1313931975788e-10	c4	NRBP1
3.79035786801371e-15	0.0297292195441641	0.56	0.481	1.27121022177444e-10	c4	TUBB4B
4.04311235993941e-15	0.208862795304347	0.446	0.382	1.35597902327648e-10	c4	ATP5MC1
4.94274714236645e-15	0.253119626669287	0.416	0.36	1.65769853660686e-10	c4	ACADVL
5.74278305233651e-15	0.275294136323034	0.305	0.251	1.92601458009262e-10	c4	EML3
5.99529505324246e-15	0.229838019435828	0.45	0.391	2.01070205495646e-10	c4	SHKBP1
6.56394798539438e-15	0.254418270701953	0.361	0.305	2.20141687534157e-10	c4	MOB3A
6.67895406964478e-15	0.237983368422677	0.427	0.37	2.23998761587747e-10	c4	CNOT2
7.2399253620931e-15	0.23565403435718	0.383	0.326	2.42812616793878e-10	c4	WAPL
7.29958777651771e-15	0.21344632338684	0.465	0.399	2.44813574848851e-10	c4	NDUFB6
7.94789907564121e-15	0.166350263902041	0.602	0.544	2.66556639198855e-10	c4	CMTM3
8.67559035065905e-15	0.254276723842862	0.345	0.289	2.90961949180403e-10	c4	GOPC
1.01852440983088e-14	0.172267900715164	0.515	0.441	3.4159271656908e-10	c4	ADRM1
1.10320845545003e-14	0.276542286780407	0.304	0.253	3.69994051788831e-10	c4	FARSA
1.21276372859665e-14	0.240223717552187	0.38	0.322	4.06736699296744e-10	c4	CDC123
1.37538652397642e-14	0.248345648560545	0.383	0.326	4.61277132411213e-10	c4	TROVE2
1.47281642087269e-14	0.179330817910682	0.572	0.507	4.93953171232284e-10	c4	PDCD6
1.56051314671703e-14	0.270942202933433	0.306	0.254	5.23364899145959e-10	c4	RNF13
1.75956272265118e-14	0.0664494685016765	0.942	0.912	5.90122145922754e-10	c4	HSP90AB1
1.79145336112022e-14	0.228427935058364	0.396	0.336	6.00817628252498e-10	c4	RAD23B
2.02241869606494e-14	0.175642057742088	0.54	0.475	6.78278782286261e-10	c4	CSNK1A1
2.12625027796381e-14	0.253647225413531	0.387	0.331	7.13101818223502e-10	c4	TMF1
2.21507961003281e-14	0.288810844676145	0.335	0.284	7.42893399612802e-10	c4	RECQL
2.36536374569888e-14	0.13276412585687	0.728	0.663	7.93295693032491e-10	c4	SRSF2
3.21296487271251e-14	0.213868335602106	0.326	0.27	1.07756415901032e-09	c4	MAPKAPK3
3.37165149851168e-14	0.191809389399409	0.41	0.347	1.13078447957085e-09	c4	FAM162A
3.61725567963519e-14	0.242197575687877	0.396	0.338	1.21315520983605e-09	c4	ARIH2
3.70311239345576e-14	0.111257898602997	0.759	0.705	1.24194983451719e-09	c4	STK4
3.90316782918655e-14	0.290498139290934	0.337	0.286	1.30904442655259e-09	c4	KRCC1
4.13330073747756e-14	0.199412375319402	0.511	0.452	1.38622640133522e-09	c4	MRPL33
6.29075545691456e-14	0.264979636715746	0.357	0.305	2.10979356514001e-09	c4	TMEM165
8.29412306978788e-14	0.266052783818791	0.335	0.283	2.78168299514546e-09	c4	NUDT22
8.49321005149898e-14	0.282341333260073	0.3	0.251	2.84845278707173e-09	c4	TSSC4
8.87225343244703e-14	0.20200803244007	0.449	0.39	2.97557635617409e-09	c4	FAM50A
9.73351858314791e-14	0.280006274592607	0.322	0.271	3.26442746241615e-09	c4	HCFC1R1
1.01172470014304e-13	0.140029254663527	0.718	0.639	3.39312229933974e-09	c4	RALY
1.01789738915224e-13	0.280492914401275	0.312	0.262	3.41382426373879e-09	c4	VPS26B
1.05406650205549e-13	0.229329732855604	0.384	0.331	3.53512823459369e-09	c4	METTL5
1.06743645112389e-13	0.149922989606054	0.561	0.5	3.57996836977929e-09	c4	RBBP6
1.10998025376115e-13	0.241393517152173	0.358	0.306	3.72265177506415e-09	c4	ATP6V0D1
1.44309139343279e-13	0.130076344137999	0.718	0.644	4.83983991529491e-09	c4	SNRPB
1.47262426189194e-13	0.242505220976345	0.376	0.322	4.93888724953318e-09	c4	SYS1
1.52531869372027e-13	0.144066927535683	0.688	0.624	5.11561383499905e-09	c4	BSG
1.57437822205439e-13	0.217172637321082	0.37	0.316	5.28014968112601e-09	c4	ECHS1
1.78723700763435e-13	0.141092182135858	0.741	0.679	5.9940354762041e-09	c4	HNRNPU
1.84197515027893e-13	0.20326342230748	0.442	0.385	6.17761625900546e-09	c4	MOB4
2.02223307243653e-13	0.261478711540542	0.312	0.262	6.78216527833763e-09	c4	AASDHPPT
2.33960448333372e-13	0.250500926212031	0.301	0.252	7.84656551620464e-09	c4	SIRT7
2.63627183960115e-13	0.0968830438269652	0.808	0.743	8.84152849565434e-09	c4	PARK7
2.69461479766504e-13	0.187940251753314	0.418	0.359	9.03719910840901e-09	c4	TNRC6B
2.73704106491848e-13	0.234548492458282	0.373	0.318	9.17948832352361e-09	c4	ZFR
2.74542064351673e-13	0.164304292992918	0.592	0.514	9.2075917542264e-09	c4	UQCRFS1
3.01066442568208e-13	0.0223942351134432	0.996	0.987	1.00971663508525e-08	c4	CFL1
3.14355458590257e-13	0.208203339636327	0.496	0.437	1.05428533702e-08	c4	DGUOK
3.34225497531133e-13	0.197447539453481	0.536	0.473	1.12092547361991e-08	c4	DYNLT1
3.43320555105534e-13	0.174656922390954	0.528	0.46	1.15142847771294e-08	c4	PIN1
3.55547527804959e-13	0.160411119584498	0.61	0.546	1.19243529875227e-08	c4	RAB1B
3.71842283487577e-13	0.279325745508816	0.321	0.272	1.24708465036064e-08	c4	MRPS18B
4.1714883340364e-13	0.144837628693443	0.516	0.448	1.39903375746913e-08	c4	CALCOCO2
5.32768761980214e-13	0.201824616453088	0.433	0.376	1.78679987392924e-08	c4	PHPT1
5.4961997983612e-13	0.249775688765271	0.304	0.254	1.84331548837438e-08	c4	RIOK3
5.90330215498937e-13	0.135592754840908	0.424	0.361	1.97984947674034e-08	c4	TPST2
6.01673415401019e-13	0.244231171670754	0.327	0.276	2.01789230057194e-08	c4	NIFK
6.57679589619058e-13	0.276515961471325	0.304	0.257	2.2057258076644e-08	c4	RTCA
7.19858879259588e-13	0.238058241783936	0.356	0.305	2.41426270926081e-08	c4	BDP1
7.69783312872295e-13	0.207059043517895	0.461	0.402	2.5816992747111e-08	c4	CHIC2
7.84256385077798e-13	0.251359481428131	0.304	0.254	2.63023906427392e-08	c4	PDCD7
7.9068357447467e-13	0.0917542222675785	0.903	0.863	2.65179457207315e-08	c4	CALM2
8.2310412419825e-13	0.196942392109486	0.423	0.368	2.76052661173609e-08	c4	PTDSS1
9.32516753586593e-13	0.241073088427405	0.354	0.302	3.12747468817872e-08	c4	ACAA1
1.09211544731192e-12	0.247005810654641	0.393	0.342	3.66273678719471e-08	c4	CCDC59
1.23031340099247e-12	0.161894193086752	0.544	0.484	4.12622508424855e-08	c4	EIF1B
1.37492606441272e-12	0.238339265782262	0.33	0.28	4.61122703482738e-08	c4	SNAP23
1.39802202110947e-12	0.247584749073901	0.312	0.263	4.68868625439695e-08	c4	ISCA1
1.55442640314627e-12	0.18227666705437	0.399	0.339	5.21323527087198e-08	c4	HSPB11
1.71054455749516e-12	0.233489780138913	0.32	0.269	5.73682433692726e-08	c4	PRKD2
1.857526384897e-12	0.188075404452482	0.497	0.441	6.22977198966756e-08	c4	RAB2A
2.06325397810252e-12	0.230788045825969	0.342	0.292	6.91974119176022e-08	c4	ANXA2R
2.32645301716151e-12	0.171228212611334	0.498	0.437	7.80245812895627e-08	c4	SF3B4
2.94112242171346e-12	0.232303400296324	0.302	0.254	9.86393637794261e-08	c4	CNOT4
4.14271273379227e-12	0.247089413082892	0.326	0.28	1.38938299665925e-07	c4	RALBP1
4.30707840865891e-12	0.165344895599215	0.546	0.489	1.44450795669603e-07	c4	WTAP
4.30820727735136e-12	0.241180729923581	0.357	0.309	1.4448865566781e-07	c4	SLC25A11
4.47059422514971e-12	0.212265080091926	0.344	0.293	1.49934789123071e-07	c4	CCSER2
4.68853881264334e-12	0.248120601192378	0.321	0.274	1.57244214698432e-07	c4	HK1
4.81106171406926e-12	0.191862999988046	0.421	0.363	1.61353387766455e-07	c4	MRPS36
4.8994423772135e-12	0.25634402422051	0.31	0.264	1.64317498446986e-07	c4	RRP1B
4.90533545480921e-12	0.207101327958681	0.353	0.303	1.64515140483391e-07	c4	NEMF
4.98514842731881e-12	0.22848568636186	0.312	0.264	1.67191907955418e-07	c4	SUCLG2
6.58694220732013e-12	0.222594811479958	0.301	0.252	2.20912867749102e-07	c4	DNAAF2
6.78241657167887e-12	0.114216202279613	0.71	0.645	2.27468686980966e-07	c4	SELENOW
6.89205309316602e-12	0.160200862247836	0.511	0.455	2.31145676638602e-07	c4	ACAP2
7.15032253470716e-12	0.189207973106856	0.418	0.363	2.39807517169009e-07	c4	COQ10B
7.21907706399395e-12	0.251657352305382	0.355	0.306	2.42113406572229e-07	c4	CYB5B
7.35066447165479e-12	0.227141089897947	0.373	0.324	2.46526585050358e-07	c4	EPRS
7.35162867524755e-12	0.160308802180908	0.576	0.51	2.46558922510453e-07	c4	EIF4H
7.36612709517701e-12	0.251351517828654	0.331	0.283	2.47045170518046e-07	c4	RBM22
7.84217954226712e-12	0.143301208539872	0.478	0.419	2.63011017488555e-07	c4	CHD2
8.17098510035592e-12	0.202036243172197	0.436	0.379	2.74038498295737e-07	c4	CEBPB
8.33344620657536e-12	0.141821787443544	0.527	0.468	2.79487118876125e-07	c4	RSF1
8.83454360242874e-12	0.185304746253162	0.4	0.346	2.96292923338255e-07	c4	CHMP4A
9.78955881780154e-12	0.237747217077433	0.332	0.286	3.28322223631428e-07	c4	APEH
9.79929378195124e-12	0.178031214727944	0.388	0.333	3.28648714859081e-07	c4	RALGAPA1
1.00485564343046e-11	0.178339033431571	0.479	0.426	3.37008485693707e-07	c4	LUC7L3
1.02415528634481e-11	0.00435253659693569	1	0.999	3.43481199934323e-07	c4	ACTB
1.02505836309074e-11	0.229596016969002	0.311	0.264	3.43784073813372e-07	c4	RPIA
1.19848023770923e-11	0.0771201672018256	0.97	0.951	4.01946302122922e-07	c4	YWHAZ
1.27716395307998e-11	0.15951096172851	0.541	0.48	4.28335246583965e-07	c4	ZC3H15
1.29613042638533e-11	0.258798208011691	0.322	0.276	4.34696222401114e-07	c4	MICU2
1.29704125173824e-11	0.130093042957929	0.56	0.496	4.35001695007971e-07	c4	SDF4
1.29808668573432e-11	0.167789061946141	0.509	0.453	4.35352312661577e-07	c4	EIF4A1
1.30272559452211e-11	0.189678055075395	0.32	0.27	4.36908109890825e-07	c4	BAZ2A
1.3085723494709e-11	0.157810149535303	0.487	0.43	4.38868994565552e-07	c4	DDX46
1.31321686429964e-11	0.193703549201888	0.408	0.356	4.40426671948812e-07	c4	RNF166
1.38554853891565e-11	0.146421094829376	0.65	0.586	4.64685268981531e-07	c4	DYNLRB1
1.60385024219385e-11	0.182667198424031	0.427	0.372	5.37899294226972e-07	c4	JMJD1C
1.64237716090343e-11	0.261860267522357	0.324	0.279	5.50820452223793e-07	c4	RIC8A
1.66541198338995e-11	0.208677276814797	0.41	0.36	5.58545870989321e-07	c4	PTPN1
1.98374421960972e-11	0.233011620410872	0.361	0.313	6.65308136372706e-07	c4	BLOC1S1
2.03703548419162e-11	0.220752217994035	0.326	0.279	6.83180960688187e-07	c4	CSRP1
2.20374910433877e-11	0.230578691067265	0.321	0.274	7.39093374613135e-07	c4	AKR7A2
2.66662838986279e-11	0.232188231266247	0.37	0.324	8.94333829392184e-07	c4	COPB2
2.67399988773592e-11	0.0984448458494873	0.768	0.716	8.96806082348872e-07	c4	GPX4
2.72894051602033e-11	0.138380938499449	0.643	0.575	9.15232070262899e-07	c4	ATP6V1F
2.9500019722377e-11	0.143292537409354	0.573	0.514	9.89371661449081e-07	c4	OXNAD1
3.30538224628973e-11	0.229203854522295	0.353	0.304	1.10855909776065e-06	c4	MANF
3.565629120027e-11	0.116696564408931	0.659	0.593	1.19584069427465e-06	c4	POLD4
3.75307149798061e-11	0.218280632444764	0.355	0.308	1.25870511899274e-06	c4	AK2
3.83806884259044e-11	0.23716758505023	0.312	0.265	1.28721152842798e-06	c4	PPP4R3A
3.90471288487699e-11	0.118854340854848	0.792	0.721	1.30956260733005e-06	c4	TRAPPC1
3.94299305246995e-11	0.140496156552273	0.613	0.558	1.32240100993737e-06	c4	MATR3.1
4.09634128671087e-11	0.128376293919603	0.734	0.685	1.37383094073709e-06	c4	HSP90B1
4.6316714372475e-11	0.209846024811716	0.363	0.316	1.55336996662407e-06	c4	DNAJC7
4.66892013219176e-11	0.231877298123906	0.308	0.262	1.56586243393447e-06	c4	MRPS26
5.32728039835508e-11	0.126232822280176	0.634	0.57	1.78666330000033e-06	c4	PAK2
5.49687408660618e-11	0.0999503467544174	0.514	0.447	1.84354163116598e-06	c4	TRAT1
5.61452138607519e-11	0.228374891987828	0.307	0.263	1.8829981824619e-06	c4	UBE2E3
5.64062898307447e-11	0.160437741336711	0.562	0.503	1.89175414834352e-06	c4	SDHD
5.73498312395462e-11	0.196489936931231	0.313	0.265	1.9233986401119e-06	c4	RASSF7
5.77262322734403e-11	0.141617481637849	0.606	0.541	1.93602237798664e-06	c4	AP2M1
5.88145074419961e-11	0.106819230658163	0.324	0.273	1.97252095058967e-06	c4	PLD3
5.90033571933674e-11	0.216819449491541	0.306	0.259	1.97885459355116e-06	c4	ZNF22
6.8335755030634e-11	0.201955971947126	0.342	0.294	2.2918445522174e-06	c4	GLOD4
7.22303282547211e-11	0.21889065290236	0.317	0.272	2.42246074900684e-06	c4	NAA50
7.24318141560692e-11	0.216766142513519	0.315	0.27	2.42921818316625e-06	c4	SMIM19
8.52483120224067e-11	0.097181851790358	0.756	0.71	2.85905788860748e-06	c4	TBC1D10C
9.85760991668101e-11	0.189126850968105	0.344	0.295	3.30604521385648e-06	c4	DUSP11
1.00151495828666e-10	0.158502212208738	0.46	0.407	3.35888086710181e-06	c4	MRFAP1
1.00529693704837e-10	0.199398146153025	0.425	0.374	3.37156486747283e-06	c4	PDCD2
1.01311049294165e-10	0.120684006078558	0.534	0.472	3.39776997122771e-06	c4	IMP3
1.0299284603859e-10	0.162164549742618	0.38	0.328	3.45417407044223e-06	c4	COPS5
1.04723241406644e-10	0.142735321231772	0.576	0.514	3.51220807029602e-06	c4	RNF7
1.06462325897514e-10	0.0501773888421528	0.992	0.985	3.57053348595081e-06	c4	BTG1
1.15581391989085e-10	0.0986348335302079	0.828	0.786	3.87636872452993e-06	c4	PRR13
1.26721576512857e-10	0.108728261831585	0.79	0.725	4.24998823308818e-06	c4	SERBP1
1.35805224915062e-10	0.0561990788387861	0.958	0.92	4.55463563320136e-06	c4	ARPC3
1.5587997828575e-10	0.160007224518413	0.489	0.438	5.22790271174747e-06	c4	CGGBP1
1.63441201108854e-10	0.138737478159944	0.575	0.527	5.48149100278874e-06	c4	MPHOSPH8
1.76523723212625e-10	0.140719643217471	0.46	0.404	5.92025262910503e-06	c4	GIMAP6
1.84918109390544e-10	0.182072188622128	0.361	0.312	6.20178355274006e-06	c4	ELOVL1
1.94172692113453e-10	0.193849868303559	0.352	0.305	6.512163748101e-06	c4	POP5
2.12000350833694e-10	0.207273246244997	0.335	0.289	7.11006776626043e-06	c4	NGDN
2.19189717173886e-10	0.0886107313639328	0.618	0.569	7.35118473457779e-06	c4	JUND
2.48436130266049e-10	0.131178984913106	0.556	0.492	8.33205093686274e-06	c4	MRPL41
2.49755278784413e-10	0.221067495826994	0.312	0.269	8.37629253987164e-06	c4	YIF1A
2.50782740203361e-10	0.11217232505088	0.36	0.307	8.41075154094032e-06	c4	BCL2A1
2.96421629490335e-10	0.135749611687189	0.604	0.544	9.94138860984687e-06	c4	RAD23A
3.18024938196086e-10	0.130723230438886	0.66	0.595	1.06659203772203e-05	c4	GHITM
3.21744300630269e-10	0.18660167589911	0.397	0.347	1.0790660354538e-05	c4	RBM42
3.51644271714838e-10	0.178012528019409	0.395	0.345	1.17934455847722e-05	c4	RNASEH2C
3.64068079699316e-10	0.166970034252	0.451	0.394	1.22101152569557e-05	c4	FDFT1
4.18430764715687e-10	0.221241281827747	0.31	0.266	1.40333309870347e-05	c4	SP3
4.30842893793632e-10	0.169712945615796	0.735	0.702	1.44496089720508e-05	c4	SELENOK
4.5290881225534e-10	0.214589623113655	0.322	0.28	1.51896557454196e-05	c4	GPAA1
4.54732494229784e-10	0.179517192727834	0.354	0.305	1.52508183914785e-05	c4	RRP7A
4.66629301951998e-10	0.149781140653315	0.474	0.42	1.56498135288661e-05	c4	GNAI2
5.53196045136581e-10	0.180263617286821	0.363	0.318	1.85530889617907e-05	c4	AAMP
6.07954777818149e-10	0.136418289641936	0.466	0.414	2.03895873384651e-05	c4	ITSN2
6.27900012949749e-10	0.141807899664157	0.49	0.437	2.10585106343087e-05	c4	CYBC1
6.77604627839919e-10	0.0833018951851312	0.798	0.759	2.27255040084952e-05	c4	ACAP1
6.92829391464114e-10	0.165801231299012	0.333	0.286	2.32361121309234e-05	c4	ARID4A
8.00056365546306e-10	0.0829218947404646	0.729	0.646	2.6832290387692e-05	c4	COX5A
8.9070830536374e-10	0.131595853615135	0.551	0.492	2.98725751452891e-05	c4	CCT3
9.06945818634245e-10	0.223354593631782	0.3	0.258	3.04171488653553e-05	c4	ELOF1
9.57902262488373e-10	0.210703203368871	0.316	0.273	3.21261260793351e-05	c4	MRPS12
9.61220334157433e-10	0.0414003221754409	0.976	0.953	3.2237407566972e-05	c4	HNRNPA2B1
1.06197368544722e-09	0.169083124201172	0.457	0.405	3.5616473462529e-05	c4	ZNF428
1.17784910556908e-09	0.0521983027580335	0.981	0.97	3.95027033025759e-05	c4	PNRC1
1.28049609916222e-09	0.156628596992447	0.375	0.327	4.29452781737027e-05	c4	ARHGAP25
1.41920433461525e-09	0.184879743569926	0.417	0.372	4.75972749743262e-05	c4	SH3GLB1
1.51313979446109e-09	0.228715625050619	0.3	0.26	5.07476824266359e-05	c4	RALA
1.54711155038127e-09	0.190625371503452	0.357	0.313	5.18870271766871e-05	c4	SNRNP200
1.55075059111152e-09	0.19433822267729	0.318	0.275	5.20090733246982e-05	c4	UBLCP1
1.60171543205207e-09	0.0271824282978168	0.34	0.282	5.37183321601624e-05	c4	TIMP1
1.63393390289839e-09	0.23178809296265	0.314	0.274	5.47988752354063e-05	c4	SMARCC1
1.63509521214118e-09	0.149800486617475	0.462	0.413	5.48378232247909e-05	c4	SLTM
1.7239287913448e-09	0.15716988408396	0.336	0.293	5.7817123804122e-05	c4	B3GNT2
1.81837907971974e-09	0.150718780798824	0.581	0.522	6.09847975756405e-05	c4	NONO
1.90922722107296e-09	0.143019994306483	0.571	0.515	6.40316625403451e-05	c4	ODC1
1.92848868356233e-09	0.121977939030159	0.41	0.355	6.46776534693134e-05	c4	EIF4A3
2.07383258054415e-09	0.13799693967826	0.552	0.494	6.95521970862897e-05	c4	POLR2E
2.15707147417777e-09	0.168181438546701	0.374	0.327	7.23438631009742e-05	c4	NUB1
2.31632046930682e-09	0.115794722301591	0.389	0.34	7.7684755899612e-05	c4	P2RY10
2.41991717881602e-09	0.173482264358244	0.391	0.343	8.11591823431317e-05	c4	ITGB1BP1
2.47372821004744e-09	0.128795181893489	0.598	0.553	8.2963896708571e-05	c4	TSC22D4
2.51318921961423e-09	0.201735975161424	0.312	0.27	8.42873400474219e-05	c4	UBA3
2.63143335423655e-09	0.180883518426159	0.338	0.294	8.82530118343856e-05	c4	COA3
2.91993497434253e-09	0.192884936730125	0.301	0.259	9.79287791694996e-05	c4	PSMD14
3.09988339182134e-09	0.165490672973687	0.333	0.286	0.000103963889194904	c4	OTUD6B-AS1
3.47370729485652e-09	0.124371483209789	0.549	0.494	0.000116501195254898	c4	TBRG1
3.78150792542021e-09	0.212058710496336	0.315	0.274	0.000126824212802743	c4	TAF9
3.95609023764884e-09	0.230265295725981	0.328	0.286	0.000132679354390267	c4	HDAC2
4.24217161530111e-09	0.149808298658976	0.453	0.402	0.000142273951633969	c4	PAFAH1B1
4.34331067332877e-09	0.140145930696633	0.529	0.478	0.0001456659533621	c4	ATP6AP2
4.46052948017821e-09	0.130461790897786	0.518	0.473	0.000149597237706217	c4	GCC2
5.10606994234836e-09	0.159269489499697	0.362	0.314	0.000171247373726479	c4	PRKDC
5.13190916984249e-09	0.219654558456952	0.304	0.267	0.000172113969738177	c4	CDV3
5.32876469985617e-09	0.153187002672668	0.439	0.394	0.000178716110503776	c4	STXBP2
5.46009227733804e-09	0.149929334086598	0.401	0.356	0.000183120574797363	c4	KDM5A
5.86078621611336e-09	0.144835970720259	0.443	0.39	0.00019655904811601	c4	RHEB
5.96698856440572e-09	0.176124450972135	0.307	0.265	0.000200120862473039	c4	ZC3H13
6.20779662738452e-09	0.20318413945179	0.305	0.264	0.000208197083289222	c4	TMEM106B
7.13043679027149e-09	0.122082381005747	0.397	0.343	0.000239140589072125	c4	FAM102A
7.16390460034249e-09	0.171151012613579	0.356	0.313	0.000240263032486286	c4	SDF2
7.18186899484603e-09	0.151643759299922	0.416	0.368	0.000240865522349146	c4	SMARCA5
7.32401134637997e-09	0.165639487450175	0.421	0.374	0.000245632692534891	c4	ZNF24
7.52406582366057e-09	0.0812026102557102	0.782	0.736	0.000252342119593928	c4	RBM39
7.67281874042192e-09	0.0921634360108593	0.656	0.609	0.00025733099491627	c4	FNBP1
7.67609333027386e-09	0.125306330797531	0.562	0.509	0.000257440818110725	c4	GRK6
7.97219537759457e-09	0.11149026155938	0.57	0.514	0.000267371488573767	c4	SLC3A2
8.26831262733851e-09	0.124928503476691	0.511	0.459	0.000277302668895679	c4	C19orf70
8.86490638574286e-09	0.12936861169152	0.601	0.547	0.000297311230365044	c4	VDAC2
9.56830853653524e-09	0.140390009642066	0.421	0.375	0.000320901931698319	c4	SLC44A2
9.60155834769584e-09	0.100291376731157	0.645	0.582	0.000322017063865023	c4	FAM49B
9.97120991632113e-09	0.176922251546065	0.471	0.425	0.000334414438173578	c4	PCNP
1.05433531761446e-08	0.076723632396133	0.584	0.527	0.000353602978821538	c4	SMCHD1
1.07258700227409e-08	0.0849188194163544	0.769	0.695	0.000359724228822683	c4	GNG5
1.09459759425928e-08	0.081566717694177	0.914	0.884	0.000367106141162677	c4	HNRNPK
1.22906498098137e-08	0.0806666052695366	0.869	0.813	0.00041220381332153	c4	HMGN1
1.29678452977057e-08	0.166537339481227	0.354	0.309	0.000434915595594455	c4	ARL6IP6
1.38820177351212e-08	0.148421082345834	0.51	0.462	0.000465575110800494	c4	DDT
1.44622762525683e-08	0.161066743581592	0.392	0.346	0.000485035820958635	c4	LYPLA2
1.48263622823226e-08	0.136055639996069	0.54	0.487	0.000497246538224536	c4	RAB11B
1.5376724621075e-08	0.0961661079965299	0.685	0.62	0.000515704590341614	c4	VCP
1.65829249575434e-08	0.139935481496438	0.5	0.45	0.000556158137226091	c4	PPP2CA
1.74661653790612e-08	0.18465826660465	0.307	0.266	0.000585780254482955	c4	PJA2
1.96093489179731e-08	0.110493640466388	0.657	0.595	0.000657658344010981	c4	MDH2
1.9639227623754e-08	0.162462958620443	0.346	0.304	0.000658660416045463	c4	PTOV1
2.03854581208098e-08	0.144539681578608	0.492	0.446	0.000683687494455717	c4	TMEM179B
2.11666737553462e-08	0.179434916744892	0.328	0.287	0.000709887904406802	c4	IST1
2.32451031316569e-08	0.158627352500619	0.354	0.312	0.000779594268829509	c4	CDK5RAP3
2.33193883536535e-08	0.190964849882436	0.368	0.328	0.000782085646604832	c4	ATG12
2.46470934936451e-08	0.145483799494537	0.474	0.426	0.000826614221589868	c4	ENY2
2.51630995187341e-08	0.118389310497232	0.588	0.532	0.000843920031659303	c4	NDUFS7
2.9943139089325e-08	0.142688055962015	0.413	0.366	0.00100423299877778	c4	IAH1
3.10193432967141e-08	0.07531068950431	0.486	0.427	0.0010403267354852	c4	NCF1
3.13432913557688e-08	0.147555810897322	0.45	0.403	0.00105119130548977	c4	U2SURP
3.38663314567751e-08	0.142008619409052	0.458	0.413	0.00113580902439732	c4	DDX6
3.51313631551794e-08	0.1676534644759	0.356	0.313	0.00117823565749841	c4	MARCH7
3.52570061693159e-08	0.209311465422705	0.315	0.278	0.00118244947290652	c4	RNF115
3.65043545734251e-08	0.145696900321576	0.432	0.387	0.00122428304368353	c4	PRPF6
3.7368879945035e-08	0.182626692625251	0.395	0.353	0.00125327749559658	c4	EIF4E
3.8959336891396e-08	0.170230486907654	0.326	0.284	0.00130661824066364	c4	RRAGA
4.26121956224218e-08	0.100315442948253	0.647	0.595	0.00142912781678478	c4	MAP1LC3B
4.39631410500256e-08	0.156422076269698	0.379	0.334	0.00147443582453576	c4	KXD1
4.53137569250011e-08	0.157617878771277	0.322	0.281	0.00151973277975069	c4	KMT2C
4.53227521104386e-08	0.125796711578036	0.308	0.267	0.00152003446027989	c4	TSPAN5
4.69505471218395e-08	0.157481924975583	0.345	0.303	0.00157462744937225	c4	CPNE3
5.84644141756169e-08	0.12812055959543	0.409	0.363	0.00196077952262184	c4	CNPPD1
5.93001657298208e-08	0.177424856491638	0.361	0.32	0.00198880895824673	c4	CYB561D2
6.01685463257984e-08	0.13170665500611	0.51	0.456	0.00201793270667463	c4	SSNA1
6.10595406580514e-08	0.133696981232804	0.408	0.363	0.00204781487458973	c4	EMC10
6.10999250859467e-08	0.128427688679437	0.492	0.445	0.00204916928753248	c4	MED10
6.5219231135815e-08	0.138731032759055	0.381	0.338	0.00218732257383296	c4	EIF5B
6.61378760593628e-08	0.103858596807329	0.5	0.44	0.00221813208727891	c4	NHP2
6.68521950996045e-08	0.142592448604171	0.425	0.382	0.00224208891925054	c4	PRPF8
6.92932932630031e-08	0.163400934334818	0.326	0.284	0.0023239584694546	c4	DAZAP1
7.29437861302183e-08	0.173219526213395	0.392	0.351	0.00244638869923526	c4	PDCL3
7.45078150880471e-08	0.154057459609107	0.352	0.313	0.00249884310242292	c4	MED4
7.79083409181819e-08	0.170981383348244	0.365	0.324	0.00261288993771398	c4	BAZ1B
7.80400836482015e-08	0.0875514516555607	0.589	0.54	0.00261730832539338	c4	PPP2R5C
7.90621036437593e-08	0.112883207529772	0.366	0.316	0.0026515848320044	c4	HPRT1
8.52424335780743e-08	0.0983608209895845	0.789	0.756	0.00285886073734146	c4	EIF4G2
9.4469767330263e-08	0.0759284625507179	0.435	0.381	0.00316832705672236	c4	SLBP
9.82251524907864e-08	0.150722539274417	0.381	0.34	0.00329427516423599	c4	BNIP2
9.97045952156726e-08	0.153138633537119	0.383	0.341	0.00334389271434323	c4	SELENOS
1.05377099187821e-07	0.164808266322363	0.351	0.312	0.00353413715256114	c4	SMG1
1.05383657503566e-07	0.20044633797749	0.309	0.273	0.00353435710535459	c4	ECHDC1
1.11018612761378e-07	0.128542347427612	0.475	0.427	0.00372334223479109	c4	GADD45GIP1
1.11231080364972e-07	0.118773927355905	0.523	0.472	0.00373046797328043	c4	ZNF207
1.22819483896173e-07	0.154678792593778	0.375	0.335	0.00411911985090985	c4	UBE3A
1.30618636919261e-07	0.133522199247705	0.359	0.316	0.00438068784499819	c4	TOR1AIP1
1.35263329267814e-07	0.1319581353201	0.467	0.422	0.00453646153698393	c4	HMGN4
1.35655508094197e-07	0.149265611714559	0.432	0.387	0.00454961443046317	c4	DGCR6L
1.35694037222121e-07	0.0285789005925934	0.982	0.962	0.0045509066203555	c4	CD3D
1.48743272103368e-07	0.137298754565278	0.307	0.268	0.00498855185980277	c4	SECISBP2
1.70578243282803e-07	0.0504749373441253	0.965	0.941	0.00572085312321865	c4	RHOA
1.71186206488587e-07	0.171064348628378	0.315	0.278	0.00574124299321423	c4	ATG5
1.81049039838075e-07	0.101811874693687	0.472	0.425	0.00607202269808935	c4	PDE4B
1.8286041337344e-07	0.159460411705754	0.355	0.314	0.00613277254371842	c4	SMARCC2
1.83436019088766e-07	0.143123494946761	0.417	0.376	0.00615207720819903	c4	COPB1
1.90738549172637e-07	0.0640272978563285	0.722	0.662	0.00639698946215189	c4	ZAP70
1.98102705553832e-07	0.177068326182865	0.364	0.327	0.00664396853886442	c4	FAM32A
2.02157049764827e-07	0.172801409432168	0.306	0.269	0.00677994313501276	c4	CCDC90B
2.06689866895809e-07	0.150817002286559	0.41	0.369	0.00693196475595163	c4	MPG
2.18803222934833e-07	0.168502315482691	0.359	0.321	0.00733822249078843	c4	GID8
2.18827251645926e-07	0.12369975116605	0.629	0.578	0.00733902836570107	c4	CCT4
2.2491512389334e-07	0.127431962357611	0.562	0.517	0.00754320342513485	c4	PPIG
2.31218553074881e-07	0.126586735802542	0.453	0.404	0.00775460783302537	c4	MEA1
2.35016528981341e-07	0.141550315132176	0.339	0.299	0.00788198434897623	c4	HSBP1
2.50288412314133e-07	0.0904769179779497	0.725	0.658	0.00839417277219138	c4	ARF5
2.52195744454763e-07	0.12222805348182	0.477	0.432	0.00845814087752386	c4	COPS6
2.73729680195009e-07	0.0911180962669296	0.65	0.592	0.0091803460143802	c4	RAC1
2.83087312580852e-07	0.101646675872747	0.663	0.611	0.0094941822893366	c4	TCEA1
3.309398098038e-07	0.171707765680799	0.321	0.284	0.0110990593411998	c4	CFAP298
3.31816063478298e-07	0.139152692943284	0.304	0.267	0.0111284471369352	c4	NBR1
3.42216314093303e-07	0.097610256843375	0.726	0.685	0.0114772507420612	c4	RHOH
3.4826926383194e-07	0.0801263461062947	0.861	0.816	0.0116802545703956	c4	ARF1
3.56413576028051e-07	0.118688049476129	0.519	0.472	0.0119533985128288	c4	SS18L2
3.56767176404199e-07	0.145622790768855	0.41	0.371	0.011965257562244	c4	GSPT1
3.78891481697488e-07	0.095589140095942	0.549	0.5	0.0127072625131704	c4	SPN
3.87916016019129e-07	0.13786903717123	0.385	0.345	0.0130099273452496	c4	DNAJB14
4.02338391758972e-07	0.0583138602346684	0.777	0.719	0.0134936249828124	c4	PGAM1
4.14277369960521e-07	0.127200375990793	0.407	0.363	0.013894034433736	c4	MRFAP1L1
4.28985006713732e-07	0.0545290907109182	0.416	0.372	0.0143872991551651	c4	GLUD1
4.51700638357333e-07	0.105546378672726	0.695	0.649	0.0151491360092282	c4	SF3B2
4.63901507462989e-07	0.108842638620894	0.54	0.492	0.0155583287572937	c4	FBL
4.71238196304439e-07	0.152580251670474	0.352	0.313	0.0158043866276583	c4	BNIP3L
5.25607817788432e-07	0.108102942138741	0.39	0.349	0.0176278349929884	c4	SLC38A2
5.31777163908246e-07	0.0842900498587053	0.671	0.622	0.0178347425231548	c4	EIF5A
5.8842844937944e-07	0.123944320957877	0.386	0.345	0.0197347133352877	c4	SMIM7
6.15495440371335e-07	0.176774592154722	0.348	0.311	0.0206424860791738	c4	MCRIP1
6.17153066322183e-07	0.174033551804306	0.35	0.313	0.0206980795383134	c4	ALDH9A1
6.19445807122695e-07	0.152110809860842	0.316	0.278	0.020774973479281	c4	CAT
6.20911628562161e-07	0.149690314739148	0.364	0.326	0.0208241341987178	c4	ASF1A
6.29661550187501e-07	0.166188765384887	0.314	0.28	0.0211175890701884	c4	HSPA4
6.46730892796683e-07	0.107371416091435	0.419	0.372	0.0216900606826152	c4	UBE2A
6.5714972740235e-07	0.132563250985945	0.454	0.41	0.02203948755762	c4	RAB8A
6.74200483167906e-07	0.137235239742983	0.396	0.357	0.0226113358044852	c4	ATXN2L
6.90165341898009e-07	0.0822953703409253	0.567	0.521	0.0231467652365754	c4	NME3
6.98375385671363e-07	0.171890661803073	0.379	0.341	0.0234221136846462	c4	ABT1
7.0607038639595e-07	0.148769109110067	0.368	0.332	0.0236801886189474	c4	INO80E
7.13729198486605e-07	0.134986425991574	0.417	0.373	0.0239370498588438	c4	CD46
7.39663510269809e-07	0.0893249338211672	0.517	0.468	0.0248068348074288	c4	RNH1
7.68750143416172e-07	0.131266959113927	0.442	0.401	0.0257823423098916	c4	WDR33
8.07776647037535e-07	0.0781469342706174	0.452	0.408	0.0270912131883449	c4	TGOLN2
8.11078748421434e-07	0.110310128955927	0.532	0.486	0.0272019590645581	c4	LRP10
8.24486094675526e-07	0.155284241764808	0.356	0.318	0.0276516146432278	c4	TM2D3
8.44776904297813e-07	0.143317985028695	0.516	0.476	0.0283321278163401	c4	CCNDBP1
9.04998550084646e-07	0.0696338968375428	0.611	0.564	0.0303518413727389	c4	ARGLU1
1.01655464943665e-06	0.10391437980777	0.614	0.566	0.0340932098328064	c4	SF3B5
1.01657118714625e-06	0.164661696941405	0.332	0.297	0.0340937644745109	c4	CAPN1
1.02333159299607e-06	0.150605187512328	0.416	0.38	0.0343204949659022	c4	FNTA
1.07066183502418e-06	0.109519013398678	0.469	0.426	0.0359078566230411	c4	KIF5B
1.10715211243557e-06	0.112749889266883	0.343	0.305	0.0371316675468642	c4	BIRC6
1.13502345311612e-06	0.122600190421761	0.352	0.313	0.0380664165706084	c4	NFATC3
1.17175709077184e-06	0.0929364389224273	0.523	0.473	0.0392983893103059	c4	HNRNPH3
1.17494057864312e-06	0.0956066884080092	0.699	0.649	0.0394051571265331	c4	JTB
1.18321081964776e-06	0.112629164499326	0.361	0.318	0.0396825244693464	c4	SNRPA1
1.33084552739985e-06	0.111993271382379	0.497	0.455	0.0446338972979362	c4	COX14
1.39659772268413e-06	0.142509928439651	0.392	0.356	0.0468390944233803	c4	METTL23
