p_val	avg_log2FC	pct.1	pct.2	p_val_adj	cluster	gene
0	3.12055894598626	0.931	0.214	0	c13	GZMK
0	4.10219120889922	0.34	0.026	0	c13	IL10
6.51495947963984e-179	1.76347624744651	0.772	0.303	2.18498711028161e-174	c13	CTLA4
1.0804510689484e-140	0.808086008429616	0.951	0.491	3.62361679503916e-136	c13	GZMA
8.58303610938418e-136	2.28157774389397	0.352	0.083	2.87857865036526e-131	c13	EOMES
6.37504327239725e-133	1.55940145629197	0.851	0.575	2.13806201269659e-128	c13	CD27
2.13233195879077e-125	0.618138026553044	1	0.998	7.15141492339248e-121	c13	HLA-A
1.17878055024153e-112	1.2127544863281	0.881	0.612	3.95339420940004e-108	c13	ITGB2
3.92949805975065e-108	1.11901038992716	0.949	0.742	1.31787505927917e-103	c13	CST7
3.69688715874628e-91	0.791014113538191	0.975	0.894	1.23986201530033e-86	c13	CD74
4.18387874609746e-91	0.342886484373364	1	1	1.40318925386617e-86	c13	B2M
9.22278595426339e-88	0.923530703729259	0.931	0.793	3.09313795334086e-83	c13	GIMAP7
3.48480226349389e-80	0.608730920093532	0.99	0.976	1.16873298313058e-75	c13	PTPRCAP
9.83718021342863e-80	0.950124949376571	0.882	0.749	3.29919349997969e-75	c13	GIMAP4
2.36197474289671e-79	1.71492142723528	0.511	0.24	7.92159089272699e-75	c13	PDCD1
2.24314680990992e-72	1.17068748417388	0.762	0.57	7.52306577107589e-68	c13	FCMR
3.42174326475846e-72	0.967060727088956	0.89	0.751	1.14758425613469e-67	c13	CNN2
2.7289863367081e-71	2.24522884745012	0.429	0.189	9.15247437605163e-67	c13	CD81
1.07503343425048e-69	1.19968958406257	0.689	0.447	3.60544713178926e-65	c13	APOBEC3G
4.0994249185938e-69	1.15995631798755	0.742	0.486	1.37486512919799e-64	c13	CXCR3
3.00084400588188e-68	1.72281486572429	0.455	0.206	1.00642306269266e-63	c13	F2R
2.11120944984633e-64	0.486941677358031	0.996	0.996	7.08057425289462e-60	c13	PFN1
2.48904148439355e-62	1.74869100489004	0.301	0.106	8.3477473303591e-58	c13	CD79B
1.21351531504692e-60	1.77299969827924	0.435	0.212	4.06988766360436e-56	c13	LYST
1.44229493955372e-57	1.11472866544882	0.63	0.388	4.83716876827528e-53	c13	CD28
2.29714367051783e-56	0.492479506925432	0.982	0.975	7.70416044218271e-52	c13	RAC2
3.43558273358784e-55	2.23146978142047	0.332	0.141	1.15222573719069e-50	c13	HAVCR2
3.51521868506996e-54	0.898489041858122	0.753	0.518	1.17893404259876e-49	c13	CYTOR
3.07062552846531e-51	0.799716904553796	0.824	0.697	1.0298263897367e-46	c13	CTSC
1.29033823994505e-50	1.3889460852462	0.328	0.134	4.32753638912769e-46	c13	PLEK
1.89070056813894e-49	0.373674971828155	1	0.999	6.34103156542439e-45	c13	HLA-B
3.77034695716978e-48	1.27855325806865	0.505	0.28	1.2644989624956e-43	c13	LINC00861
9.70040351760529e-48	1.06755791697226	0.639	0.451	3.25332133173446e-43	c13	LIME1
1.4805323990908e-46	0.61104223471264	0.912	0.833	4.96540956007071e-42	c13	PSMB9
4.05119392135886e-46	1.4987840735479	0.316	0.132	1.35868941734534e-41	c13	ITGB2-AS1
1.78764084673649e-45	1.10055242802314	0.556	0.332	5.99538987178483e-41	c13	MIR4435-2HG
3.87172976847615e-45	0.437359124036395	0.999	0.998	1.29850072975153e-40	c13	HLA-C
2.38867554240352e-44	0.453822192995605	0.997	0.977	8.01114003411292e-40	c13	CORO1A
2.44961109625815e-44	1.12705508184092	0.529	0.316	8.21550569463057e-40	c13	ARID5B
1.76099186174803e-43	1.02095526281551	0.745	0.658	5.90601450593055e-39	c13	ISG20
2.87385234100711e-43	0.959855524904035	0.753	0.66	9.63832598126965e-39	c13	DENND2D
8.11621842890464e-43	1.35118903273648	0.37	0.178	2.72201733668604e-38	c13	MAF
8.20462144811239e-43	0.955163849826759	0.654	0.458	2.75166594126793e-38	c13	LITAF
1.56684664600377e-42	0.777831970880348	0.846	0.696	5.25489028136744e-38	c13	RGS1
1.86760384846699e-42	0.810215107915819	0.745	0.573	6.26356978698858e-38	c13	SIT1
4.6092779071791e-42	1.89588494631649	0.301	0.134	1.54585962450973e-37	c13	CHI3L2
5.99358470297009e-42	1.30305413600109	0.508	0.325	2.01012843768211e-37	c13	APOBEC3C
1.45049637841217e-41	0.371605984496561	0.978	0.981	4.86467475391873e-37	c13	ATP5F1E
2.28089726654642e-41	0.578801066320701	0.888	0.856	7.64967325254339e-37	c13	GMFG
2.6425530571752e-40	0.942494606142259	0.642	0.425	8.86259444315417e-36	c13	CXCR6
3.0045453196771e-40	1.26405470750149	0.389	0.195	1.00766440931331e-35	c13	SAMD3
5.27042161691055e-40	0.652098905272573	0.852	0.764	1.76759400187946e-35	c13	CD44
1.39823252226959e-39	0.898748257307486	0.656	0.485	4.68939223318774e-35	c13	TNFRSF1B
4.42479328437047e-39	0.500162594898853	0.964	0.911	1.48398717171217e-34	c13	CD99
6.08504419305462e-39	1.82635079603862	0.568	0.411	2.04080212146666e-34	c13	LAG3
8.89484219174306e-39	0.578610732156017	0.894	0.865	2.98315217426679e-34	c13	SUB1
2.72443702309963e-37	0.979989478115104	0.52	0.308	9.13721688807154e-33	c13	DUSP4
3.17205362685999e-36	0.790039461870927	0.779	0.646	1.0638433453763e-31	c13	RNF213
1.10539123626452e-34	0.339023239193198	0.994	0.993	3.70726112818396e-30	c13	HLA-E
4.0637938930158e-34	0.76732013507134	0.693	0.56	1.36291519583964e-29	c13	TNFRSF14
1.11405965057878e-33	0.885730441667094	0.621	0.474	3.73633325611113e-29	c13	OPTN
1.19357758439966e-33	0.287085926380502	0.996	0.987	4.00302050255959e-29	c13	CD3E
1.19219717614651e-32	1.05344514008979	0.535	0.359	3.99839088936018e-28	c13	GIMAP5
9.6596313141942e-32	0.880799442064217	0.532	0.354	3.23964715015445e-27	c13	BATF
1.72911497948382e-31	1.06590013596863	0.489	0.325	5.79910581819283e-27	c13	AP3S1
3.20980639061862e-31	0.446908299779572	0.951	0.92	1.07650486728567e-26	c13	ARPC1B
6.02061224239343e-31	0.594897453543661	0.881	0.846	2.01919293385391e-26	c13	LIMD2
8.81806868433299e-31	0.319304268347372	1	0.999	2.9574038753516e-26	c13	ACTB
9.43150938851188e-31	0.842353188389748	0.617	0.493	3.16313961871912e-26	c13	PPM1G
1.63273198038641e-30	0.664463143391667	0.754	0.67	5.47585651581994e-26	c13	SHISA5
2.07747321310185e-30	0.415435893252381	0.942	0.907	6.96742966210098e-26	c13	HCST
3.81157354292156e-30	0.89209599458346	0.595	0.444	1.27832553482503e-25	c13	IKZF3
5.04313907891415e-30	1.12257854768886	0.428	0.261	1.69136798428623e-25	c13	CD38
5.15228441394344e-30	0.352452953898687	0.987	0.989	1.72797314674835e-25	c13	UBC
1.55333886369586e-29	0.923954409116273	0.373	0.2	5.20958788106319e-25	c13	GZMH
2.55452694094573e-29	0.767682828954805	0.618	0.486	8.5673724545438e-25	c13	TSPO
8.61902999154862e-29	1.24868799478757	0.314	0.163	2.89065027856558e-24	c13	P2RY8
2.49385392628378e-28	0.856273064574634	0.668	0.525	8.36388729797056e-24	c13	CD5
7.27497682750279e-28	0.734452785543441	0.677	0.569	2.43988172840789e-23	c13	GIMAP1
1.0089311327618e-27	0.381621411354209	0.924	0.906	3.38375323305652e-23	c13	SUMO2
1.19130065851908e-27	1.08597315610745	0.443	0.286	3.99538414854129e-23	c13	GBP4
3.23403604762536e-27	0.705420339634943	0.694	0.591	1.08463100965259e-22	c13	ARL4C
4.28402847745062e-27	0.438527405098085	0.954	0.923	1.43677747076739e-22	c13	CLIC1
9.23417190279048e-27	0.769191697048394	0.614	0.486	3.09695657275787e-22	c13	ARPC5L
9.77200738500045e-27	0.698821084256283	0.63	0.479	3.27733583678145e-22	c13	GBP2
1.01640477283317e-26	0.979109790402096	0.48	0.321	3.40881832712788e-22	c13	C12orf75
1.30350764217632e-26	1.08728603677548	0.386	0.229	4.37170393033096e-22	c13	RAB37
1.97404705839871e-26	0.43457443269136	0.996	0.994	6.62055902445758e-22	c13	ACTG1
2.02498809942321e-26	1.02706161740412	0.383	0.229	6.79140508784555e-22	c13	CDC25B
2.60207951343878e-26	0.486470002746874	0.846	0.781	8.72685427217097e-22	c13	SLC9A3R1
3.05146885422337e-26	0.684079751888604	0.629	0.498	1.02340162432943e-21	c13	CARD16
3.08617575101123e-26	0.658240151802678	0.718	0.614	1.03504162337415e-21	c13	TAP1
5.22089204457707e-26	0.560653633807868	0.797	0.703	1.75098277391026e-21	c13	HLA-F
6.90517681876609e-26	0.432129733238158	0.928	0.883	2.31585820147777e-21	c13	RARRES3
7.05994671501123e-26	0.82723762553776	0.633	0.527	2.36776492928047e-21	c13	DOK2
1.57935997493603e-25	0.859884552169667	0.535	0.388	5.29685748394047e-21	c13	FOXP1
2.79046539312616e-25	0.428610779312367	0.881	0.838	9.35866283546651e-21	c13	CAPZB
3.38132085776542e-25	0.310974874392916	0.978	0.974	1.13402738927737e-20	c13	IL32
4.09307381064985e-25	1.06771458545297	0.429	0.266	1.37273509461575e-20	c13	TNFSF9
7.22412470401233e-25	0.376174768312868	0.928	0.871	2.42282694323165e-20	c13	COTL1
7.26969363214321e-25	0.975807326808212	0.472	0.332	2.43810985034819e-20	c13	MT1X
8.66826222903457e-25	0.37704216868325	0.925	0.899	2.90716178637361e-20	c13	LCK
1.22904165497676e-24	0.252185298571006	0.999	0.999	4.12195990246106e-20	c13	TMSB4X
1.31466590109694e-24	0.843617743837994	0.738	0.699	4.40912649909893e-20	c13	CLDND1
8.05725400505921e-23	1.10114265336971	0.352	0.214	2.70224184821676e-18	c13	MAD1L1
1.24387970619363e-22	0.836011091700898	0.508	0.372	4.17172375863218e-18	c13	SH2D1A
1.76722564269874e-22	0.00441619451549347	0.672	0.439	5.92692136048304e-18	c13	CCL4
4.26472045973453e-22	0.736107629495656	0.617	0.476	1.43030194778577e-17	c13	GBP5
5.55798094459329e-22	0.694532925365786	0.538	0.382	1.8640356491977e-17	c13	TIGIT
7.18517983590836e-22	0.493042027522868	0.77	0.708	2.40976561336695e-17	c13	PSMB8
9.81120686001901e-22	0.354436950160148	0.934	0.923	3.29048255671318e-17	c13	ARPC3
1.3291121816559e-21	0.507326557685993	0.726	0.653	4.45757643483755e-17	c13	CSK
2.65688454785425e-21	0.789149307048391	0.551	0.429	8.91065939659357e-17	c13	WNK1
4.09028291326215e-21	0.826396085830629	0.618	0.504	1.37179908344986e-16	c13	PIM2
7.42442318788893e-21	0.693168562547462	0.647	0.547	2.49000304875419e-16	c13	SYNE2
8.08019118536557e-21	0.591863382507674	0.666	0.546	2.7099345197479e-16	c13	PBXIP1
8.78979520757646e-21	0.723974736193003	0.504	0.374	2.94792151671699e-16	c13	CTSB
9.72353535894831e-21	0.549848291750075	0.797	0.739	3.26107928868408e-16	c13	GYPC
1.097319045688e-20	0.354425253430213	0.984	0.979	3.68018861542843e-16	c13	SRGN
1.34465020708281e-20	0.477116762086393	0.797	0.736	4.50968786451431e-16	c13	WIPF1
1.41509770280743e-20	0.289580423663447	0.976	0.964	4.74595467567557e-16	c13	CD3D
2.49936546589845e-20	0.324643851106434	0.969	0.966	8.38237189953023e-16	c13	CYBA
2.87636401307264e-20	0.575067116398451	0.697	0.639	9.64674962704303e-16	c13	RHOG
3.41429560947225e-20	0.278217529571956	0.987	0.989	1.1450864615048e-15	c13	ARHGDIB
4.21928119096466e-20	0.808618246121955	0.554	0.434	1.41506252582573e-15	c13	FLNA
5.42397959305362e-20	0.699702143142921	0.666	0.565	1.81909427591832e-15	c13	IL10RA
7.67734730172795e-20	0.783477127667492	0.547	0.423	2.57482873805352e-15	c13	RNF19A
8.85666079593741e-20	1.16186757098205	0.411	0.287	2.97034689774149e-15	c13	PTMS
1.10141712389591e-19	0.341074724975446	0.914	0.898	3.6939327501221e-15	c13	YWHAB
1.12636987899625e-19	0.91549912049097	0.419	0.29	3.77761930017763e-15	c13	CARHSP1
2.07940677214851e-19	0.5853051057203	0.788	0.761	6.97391443243168e-15	c13	CSTB
4.32251666991733e-19	0.274945331036607	0.979	0.971	1.44968564075688e-14	c13	RPL36AL
6.45104017563327e-19	0.715498192401987	0.602	0.509	2.16354985410389e-14	c13	ANXA2
8.03307468037012e-19	0.876910766756197	0.452	0.324	2.69413258630253e-14	c13	PRDM1
1.18434915497513e-18	0.784836768199281	0.469	0.345	3.97207019595558e-14	c13	CD82
1.21186178217788e-18	0.305491869988724	0.923	0.931	4.06434204506817e-14	c13	HINT1
1.58399307902105e-18	0.83259346645195	0.44	0.311	5.31239598842081e-14	c13	PCED1B
2.16063362560045e-18	0.997608772183533	0.398	0.272	7.24633305353878e-14	c13	EPSTI1
2.9153986845173e-18	0.951934674346538	0.438	0.319	9.77766410813413e-14	c13	RIPOR2
3.36116285245739e-18	0.906432736197616	0.471	0.348	1.12726679745716e-13	c13	GBP1
4.38362245068641e-18	0.467167118178081	0.815	0.761	1.47017929751121e-13	c13	DUSP2
4.39999418135901e-18	0.458213531489907	0.779	0.747	1.47567004854419e-13	c13	CD247
4.73276076289188e-18	0.33540879180175	0.867	0.855	1.58727330465868e-13	c13	TRIR
8.36631255565747e-18	0.541180582248985	0.711	0.635	2.8058939049164e-13	c13	SASH3
9.14281544856353e-18	0.388637877602382	0.845	0.796	3.06631744513924e-13	c13	LAT
1.05998380485333e-17	0.356121258794747	0.955	0.924	3.55497368471711e-13	c13	CD2
1.23348082512835e-17	0.550929126971089	0.732	0.671	4.13684799131547e-13	c13	SAT1
1.8069047675995e-17	0.47638487874675	0.493	0.348	6.0599972095752e-13	c13	HLA-DPB1
1.82060588896163e-17	0.787760223465062	0.52	0.403	6.1059480303995e-13	c13	SLAMF1
2.80384316769492e-17	0.481170980874331	0.727	0.665	9.40352921581521e-13	c13	GABARAPL2
2.87978990759287e-17	0.291825850521713	0.936	0.945	9.65823939208495e-13	c13	ARPC2
3.01075370237757e-17	0.248492365019673	0.997	0.995	1.00974657670339e-12	c13	TMSB10
4.36747056039449e-17	0.363762287526376	0.802	0.786	1.46476227654510e-12	c13	RNASEK
4.38558093490102e-17	0.660334242816658	0.58	0.495	1.47083613394710e-12	c13	SCAMP2
6.23547459729787e-17	0.984715278522951	0.338	0.224	2.09125347044176e-12	c13	SLAMF6
1.10263488998208e-16	0.640652217108776	0.569	0.472	3.69801689402189e-12	c13	ITGAL
1.19340029721067e-16	0.378688514905254	0.799	0.79	4.00242591678514e-12	c13	EIF3G
1.28547491426089e-16	0.267026289985902	0.976	0.98	4.31122576744818e-12	c13	MYL6
1.3436300547495e-16	0.982677592699614	0.376	0.26	4.50626647761888e-12	c13	CCDC167
1.42753096069193e-16	0.413367517847993	0.757	0.724	4.78765333596859e-12	c13	ATP5IF1
1.97803423951791e-16	0.571875692258016	0.742	0.686	6.63393123249516e-12	c13	KIAA1551
2.12378174776341e-16	0.490310970356365	0.757	0.721	7.12273922564893e-12	c13	AES
3.36846713010063e-16	0.344525494053664	0.845	0.802	1.12971650609315e-11	c13	COX5B
6.0212286387118e-16	0.413089331974013	0.733	0.674	2.01939966085116e-11	c13	SEM1
6.03204048285496e-16	0.768698400317003	0.44	0.32	2.0230257371399e-11	c13	CD4
7.22030436492638e-16	0.408695166572566	0.781	0.739	2.42154567790901e-11	c13	UQCR10
8.3621929081517e-16	0.328384993320469	0.867	0.848	2.80451225753592e-11	c13	COX6B1
9.12198899927828e-16	0.756502607043368	0.452	0.34	3.05933267057795e-11	c13	IQGAP2
9.72373825125655e-16	0.319983845165327	0.875	0.857	3.26114733470642e-11	c13	UBL5
1.04678588057014e-15	0.434485731074991	0.791	0.738	3.51071048625614e-11	c13	EMP3
1.56232648196298e-15	0.221848317228492	0.99	0.987	5.23973055520743e-11	c13	CFL1
1.57464918621735e-15	0.433789868064837	0.773	0.727	5.28105844073575e-11	c13	TRAF3IP3
2.11039035744921e-15	0.831702444208217	0.571	0.492	7.07782718081316e-11	c13	MT2A
3.36450952078859e-15	0.639743250157563	0.514	0.407	1.12838920308208e-10	c13	C11orf98
3.59988350868437e-15	0.320633136111497	0.876	0.87	1.20732893114256e-10	c13	ALDOA
6.34926095286075e-15	0.983050694551415	0.316	0.212	2.12941513837044e-10	c13	GPR137B
7.65177359040383e-15	0.563235287374181	0.62	0.519	2.56625182674964e-10	c13	TENT5C
1.07010238105012e-14	0.900796992038875	0.422	0.325	3.58890936556591e-10	c13	S1PR4
1.4848986664184e-14	0.499603700717052	0.657	0.6	4.98005314743404e-10	c13	MAT2B
1.86528207591056e-14	0.686957542477878	0.501	0.404	6.25578302618885e-10	c13	CMTM7
3.23244407468639e-14	1.01173208143577	0.317	0.216	1.08409709376832e-09	c13	RNF214
3.37721038844663e-14	0.787125205789468	0.317	0.205	1.13264882007723e-09	c13	TOX
4.19176378097303e-14	0.505794760092972	0.762	0.691	1.40583373686274e-09	c13	IRF1
4.2309218594186e-14	0.426248350375193	0.624	0.496	1.41896657321181e-09	c13	GPR183
4.91193986042808e-14	0.733503321559765	0.437	0.339	1.64736639039037e-09	c13	DECR1
4.91327106776475e-14	0.258950827461564	0.987	0.98	1.64781285070694e-09	c13	MYL12A
5.77788922458118e-14	0.377340153900033	0.766	0.709	1.93778848814004e-09	c13	PPP1R18
6.64684391791435e-14	0.394303249988755	0.765	0.714	2.22921851319011e-09	c13	PSMB10
7.43729366690823e-14	0.902749500234435	0.373	0.267	2.49431955000768e-09	c13	BCL3
7.70805168380742e-14	0.265961302200727	0.954	0.933	2.58512637371533e-09	c13	PSME1
7.92157098439621e-14	0.576183801242026	0.589	0.513	2.6567364767468e-09	c13	GRK6
1.65702118310318e-13	0.304313639352628	0.872	0.895	5.55731764389146e-09	c13	TMBIM6
1.8829086025931e-13	0.683862460000748	0.447	0.343	6.31489887137673e-09	c13	HSPB11
2.55359205669879e-13	0.586049655864902	0.584	0.502	8.56423703975639e-09	c13	SLFN5
3.27901067549431e-13	0.714094382174801	0.504	0.421	1.09971460034728e-08	c13	CASP1
3.44613457123183e-13	0.749681751104364	0.307	0.201	1.15576461249973e-08	c13	ZNF831
5.44300298955234e-13	0.570590389471044	0.538	0.445	1.82547434263606e-08	c13	RBCK1
5.47586600507947e-13	0.327757331894533	0.8	0.803	1.83649594078355e-08	c13	COX7A2
5.7396132227322e-13	0.361483391762106	0.787	0.733	1.92495148263992e-08	c13	ICAM3
5.79147357936529e-13	0.396161254237794	0.741	0.693	1.94234440904753e-08	c13	C9orf16
5.94968781032151e-13	0.397191811241843	0.782	0.767	1.99540629782563e-08	c13	HIGD2A
1.10015076976205e-12	0.767012835962504	0.383	0.282	3.68968565162795e-08	c13	RBM38
1.22832323417973e-12	0.590209167931362	0.574	0.518	4.11955046279196e-08	c13	CASP4
1.70771841191614e-12	0.449836820421329	0.717	0.688	5.72734600988435e-08	c13	RHOH
1.75744980081722e-12	0.455600542884661	0.65	0.591	5.89413514198081e-08	c13	DYNLRB1
2.18157726570792e-12	0.537361023186132	0.593	0.52	7.31657383373122e-08	c13	TRIM22
2.86242259254052e-12	0.637662395478882	0.447	0.348	9.59999289086241e-08	c13	CCM2
3.25863911539751e-12	0.348353523210534	0.809	0.787	1.09288238652202e-07	c13	PPP1CA
3.39675135176315e-12	0.506631401145875	0.627	0.572	1.13920246835433e-07	c13	AIP
3.86194150425341e-12	0.421542930290517	0.753	0.71	1.29521794169651e-07	c13	ARHGEF1
3.93349663905949e-12	0.439113270845329	0.595	0.517	1.31921610280777e-07	c13	JPT1
5.10843520864846e-12	0.210933511339076	0.966	0.964	1.71326700027652e-07	c13	TMA7
5.25024828187332e-12	0.79425726441109	0.349	0.25	1.76082826877467e-07	c13	RAB29
5.44063671000569e-12	0.320592771738947	0.905	0.873	1.82468073980171e-07	c13	DNAJB1
5.74588947428564e-12	0.584482811026272	0.529	0.449	1.92705641188592e-07	c13	BTN3A2
6.78224090601144e-12	0.364279742420198	0.744	0.715	2.27462795505812e-07	c13	ANXA11
7.70547980448018e-12	0.257279059371781	0.946	0.925	2.58426381682656e-07	c13	CD37
8.47096291013879e-12	0.414891724147871	0.692	0.66	2.84099154080235e-07	c13	SH3BGRL
8.56358540767606e-12	0.423099939699532	0.666	0.626	2.8720552740264e-07	c13	PSMB3
8.59908004952933e-12	0.587932261484616	0.551	0.475	2.88395946701115e-07	c13	ELOVL5
8.93163527657788e-12	0.789752966908761	0.307	0.213	2.99549183905869e-07	c13	HLA-DMA
9.01569509513418e-12	0.378027287524782	0.797	0.791	3.0236838210061e-07	c13	SEPT9
1.0302250420066e-11	0.47264561125246	0.669	0.602	3.45516874588175e-07	c13	UBE2L6
1.28970202517617e-11	0.341507133874728	0.79	0.78	4.32540265203585e-07	c13	CD53
1.30533897545483e-11	0.59676027729826	0.489	0.403	4.37784585588041e-07	c13	ARAP2
1.76625167983349e-11	0.496785307841229	0.723	0.666	5.92365488382557e-07	c13	CD6
1.85344052708706e-11	0.268248496956957	0.875	0.869	6.21606883974459e-07	c13	GABARAP
2.06668983767616e-11	0.35939504814462	0.846	0.828	6.9312643775983e-07	c13	C12orf57
2.24306618007656e-11	0.418394111078448	0.702	0.684	7.52279535474077e-07	c13	TERF2IP
2.51029002996997e-11	0.440350027412895	0.613	0.557	8.4190107025133e-07	c13	PPP4C
3.38663529516659e-11	0.643994817350587	0.472	0.395	1.13580974529297e-06	c13	HNRNPLL
5.7583503384604e-11	0.304798441529767	0.776	0.748	1.93123553651285e-06	c13	PARK7
6.10601940389361e-11	0.404218077736825	0.724	0.676	2.04783678767784e-06	c13	PPP1R2
7.17142845911145e-11	0.851558375530638	0.335	0.246	2.4051536766168e-06	c13	NELFCD
8.77761685378447e-11	0.593850843782308	0.446	0.359	2.94383714042224e-06	c13	PIM3
9.2260368752246e-11	0.352758155482314	0.7	0.657	3.09422824721283e-06	c13	DBI
1.01715129368161e-10	0.485358948351643	0.386	0.282	3.41132200874938e-06	c13	PTTG1
1.16274157679183e-10	0.434866334582857	0.715	0.687	3.89960270024442e-06	c13	IL16
1.51900328173483e-10	0.529913263168319	0.595	0.531	5.09443320628227e-06	c13	SMCHD1
1.54159820180029e-10	0.7304407916503	0.425	0.34	5.1702120491978e-06	c13	CEMIP2
1.57815335377812e-10	0.407791278320456	0.718	0.683	5.29281071790107e-06	c13	DYNLL1
1.85821194549899e-10	0.347582940818298	0.733	0.686	6.2320712228145e-06	c13	WDR1
1.98108031338333e-10	0.191507469313552	0.987	0.974	6.64414715502502e-06	c13	PTPRC
2.03165153942109e-10	0.324867699830345	0.732	0.704	6.81375293291045e-06	c13	ATP5MF
2.51240207532757e-10	0.151593617439056	0.978	0.985	8.4260940802336e-06	c13	SERF2
3.03733488626562e-10	0.428933721574735	0.633	0.6	1.01866137415576e-05	c13	PSMA5
3.11036433585181e-10	0.764713341885964	0.37	0.285	1.04315399095798e-05	c13	DGKZ
3.14937383404701e-10	0.530372157193593	0.554	0.483	1.05623699646269e-05	c13	SAMHD1
3.16293637898519e-10	0.358116452517265	0.399	0.292	1.06078560278405e-05	c13	KLF2
3.47303226824441e-10	0.226660673405417	0.897	0.896	1.16478556212381e-05	c13	DAZAP2
3.82357422852539e-10	0.75608826644561	0.368	0.28	1.28235032476285e-05	c13	TPP1
3.85820430075618e-10	0.337240098684198	0.757	0.724	1.29396455838761e-05	c13	FKBP1A
4.28847922398954e-10	0.609915043450606	0.589	0.498	1.43827016214161e-05	c13	PRF1
4.65901594266117e-10	0.534823182737738	0.48	0.401	1.5625407668497e-05	c13	VAMP5
5.36171633821688e-10	0.434102753543905	0.618	0.564	1.79821242551118e-05	c13	ZNF706
5.66994689445256e-10	0.698840348343211	0.447	0.374	1.9015867894615e-05	c13	PYHIN1
6.23931553935649e-10	0.306904618408067	0.814	0.799	2.09254164558938e-05	c13	CAP1
6.68661845178353e-10	0.612093523573694	0.428	0.356	2.24255809635916e-05	c13	TIMM17B
8.58832788650673e-10	0.366324075181505	0.729	0.726	2.88035340657663e-05	c13	UBXN1
9.58409138423855e-10	0.280778892426924	0.809	0.785	3.21431256844593e-05	c13	PSME2
9.86834637992593e-10	0.182840459576202	0.94	0.953	3.30964600889956e-05	c13	YWHAZ
1.0140102469326e-09	0.464121006792253	0.593	0.51	3.40078756616256e-05	c13	STAT1
1.15286414264074e-09	0.413404437738265	0.656	0.614	3.86647576158852e-05	c13	TECR
1.25291698499289e-09	0.614190939896206	0.431	0.35	4.20203298426915e-05	c13	SFT2D1
1.30443366353767e-09	0.339550016682307	0.663	0.625	4.37480962077263e-05	c13	VCP
1.44784924830471e-09	0.564535377301744	0.48	0.412	4.85579680896433e-05	c13	NRBP1
1.44786429922777e-09	0.452052731874877	0.65	0.628	4.85584728675009e-05	c13	ETS1
1.53405363357702e-09	0.446891524200596	0.599	0.541	5.14490907629061e-05	c13	LSM8
1.69491666732043e-09	0.435034052153902	0.633	0.59	5.68441151885924e-05	c13	FMNL1
1.84461863299325e-09	0.305116157571904	0.963	0.952	6.18648197133278e-05	c13	IFITM1
2.28840703773338e-09	0.991357641903376	0.308	0.238	7.6748595231502e-05	c13	POP4
2.39950257929151e-09	0.629770985294157	0.493	0.439	8.04745175042787e-05	c13	RABGAP1L
2.47440815271004e-09	0.500285161674218	0.495	0.417	8.29867006255894e-05	c13	MVP
2.4928461840046e-09	0.379914000779559	0.696	0.649	8.36050753191462e-05	c13	LBH
2.5427155482041e-09	0.331765898934285	0.712	0.682	8.52775940556692e-05	c13	WAS
2.55842778925711e-09	0.297822436559553	0.763	0.75	8.5804551196105e-05	c13	DRAP1
3.6493244038367e-09	0.503793526521506	0.548	0.485	0.000122391041855875	c13	CORO1B
3.85797660284759e-09	0.246211414478835	0.817	0.805	0.000129388819306303	c13	PSMA7
5.10164134853313e-09	0.411718055744212	0.645	0.606	0.000171098847547104	c13	SIGIRR
5.66926957357059e-09	0.418832856267936	0.654	0.61	0.00019013596295841	c13	ATP5MPL
8.1220267795932e-09	0.328286075039811	0.736	0.714	0.000272396534133997	c13	TBC1D10C
1.17785306268146e-08	0.411112523015372	0.578	0.527	0.000395028360162108	c13	SEC11A
1.21394858187835e-08	0.317484728149343	0.702	0.667	0.00040713407539036	c13	ZAP70
1.24425360568722e-08	0.451834972761474	0.581	0.553	0.000417297774275381	c13	BIN1
1.28901596813014e-08	0.394452617505183	0.632	0.587	0.000432310175391487	c13	FAM49B
1.49823636413908e-08	0.13822507743569	0.966	0.96	0.000502478511804963	c13	LAPTM5
1.58797068057481e-08	0.55557227645653	0.432	0.362	0.000532573606851179	c13	SDHA
1.79109492835886e-08	0.670674600042349	0.338	0.263	0.000600697417072994	c13	GLRX
1.82828836329734e-08	0.621635002961302	0.364	0.289	0.000613171351282662	c13	SYNE1
2.12890521544913e-08	0.598989305546481	0.44	0.375	0.000713992231157329	c13	RNASEH2B
2.33928110921576e-08	0.947859344443244	0.37	0.295	0.000784548098408781	c13	IFI6
2.38025277330893e-08	0.446129122016802	0.538	0.464	0.000798289175112348	c13	YPEL3
2.63112516528884e-08	0.238185451561728	0.814	0.783	0.000882426757934572	c13	COX8A
2.76424878269852e-08	0.580903947224297	0.408	0.337	0.000927073756741429	c13	TMEM173
2.9748097662614e-08	0.582648778676721	0.444	0.377	0.000997691699408747	c13	CCDC88C
3.15443710052048e-08	0.692662838268156	0.385	0.316	0.00105793511477256	c13	NFATC3
3.20409311667995e-08	0.704819487649967	0.344	0.274	0.00107458874947212	c13	RASGRP1
4.22020152116289e-08	0.443972621206589	0.41	0.326	0.00141537118616761	c13	ACP5
4.2512204298157e-08	0.522160957877186	0.526	0.465	0.00142577430775159	c13	CFLAR
4.28167848360917e-08	0.343191658882514	0.674	0.638	0.00143598932983284	c13	CHURC1
4.5328594321483e-08	0.557307941404546	0.443	0.371	0.0015202303963539	c13	DNPH1
5.03841437989891e-08	0.329334941395603	0.636	0.605	0.0016897834147305	c13	FAM96B
5.44574735107841e-08	0.238768703133323	0.844	0.84	0.00182639474660468	c13	SEPT1
5.64558055067956e-08	0.384737305573163	0.666	0.643	0.00189341480508691	c13	LAMTOR4
5.70950359725761e-08	0.585323028186717	0.413	0.347	0.00191485331644826	c13	NT5C
6.00865278220421e-08	0.406926290764773	0.574	0.518	0.00201518197009565	c13	SYNRG
6.26236675315569e-08	0.309092099464614	0.672	0.637	0.00210027256167336	c13	PRDX1
7.11095882431731e-08	0.286833834923786	0.75	0.727	0.00238487337049954	c13	GNB2
7.77082976173759e-08	0.537830728369014	0.492	0.426	0.00260618088549155	c13	CHST12
7.82901711173251e-08	0.370481290524121	0.656	0.626	0.00262569575893285	c13	CSNK2B
8.00264390926306e-08	0.300275343338692	0.797	0.778	0.00268392671428865	c13	LY6E
9.46962824127166e-08	0.495073790811117	0.472	0.404	0.00317592391955769	c13	HDAC1
9.80591483160908e-08	0.336083884208825	0.632	0.587	0.00328870771622505	c13	RNASET2
1.09078720290985e-07	0.318453039226794	0.718	0.688	0.00365828212111906	c13	EZR
1.24451659880835e-07	0.336247066454651	0.739	0.73	0.00417385976908346	c13	TAPBP
1.38126872277656e-07	0.380519336113456	0.535	0.464	0.00463249904244802	c13	LIMS1
1.4101596956476e-07	0.289252116778775	0.735	0.721	0.00472939358726292	c13	FKBP8
1.46910903485991e-07	0.675627660650981	0.319	0.249	0.00492709788111315	c13	RASGRP2
1.5855486331129e-07	0.690657821193397	0.355	0.287	0.00531761300573403	c13	HACD4
1.74498469686634e-07	0.370517635908447	0.683	0.676	0.00585232967635032	c13	IL2RG
1.85570827820878e-07	0.246899018924793	0.796	0.79	0.00622367442345661	c13	PRR13
1.8627720321854e-07	0.343538289225911	0.644	0.611	0.0062473648415434	c13	CLEC2D
1.90181051738017e-07	0.382904397750909	0.55	0.513	0.0063782921131896	c13	TWF2
1.96565021520634e-07	0.406187039795012	0.556	0.522	0.00659239769175901	c13	MDH1
2.03052801794838e-07	0.589960833983365	0.361	0.291	0.00680998486659527	c13	FOXN3
2.06459478712305e-07	0.315093168962857	0.727	0.726	0.00692423799705327	c13	TMEM258
2.42918505911756e-07	0.365396548783316	0.645	0.613	0.00814700085126847	c13	UCP2
2.61796753747582e-07	0.66087080268855	0.343	0.275	0.00878013952718639	c13	FAS
2.70202038960165e-07	0.180528760634336	0.946	0.962	0.00906203598264602	c13	OAZ1
2.92398157148856e-07	0.185003815440493	0.934	0.932	0.00980644939445833	c13	MYL12B
3.20142621675948e-07	0.509384874179116	0.426	0.36	0.0107369432457679	c13	CTSS
3.25039886541831e-07	0.460690448973192	0.434	0.366	0.0109011877148399	c13	TPST2
3.41041932145077e-07	0.579824130636005	0.413	0.345	0.0114378643202816	c13	ARID5A
3.84561725560658e-07	0.299728757820815	0.741	0.744	0.0128974311518534	c13	NDUFA1
4.5014365836119e-07	0.511870242566715	0.474	0.421	0.0150969180141176	c13	LBR
4.62220405932772e-07	0.184171009101052	0.937	0.954	0.0155019479741733	c13	ATP5MC2
5.06397292461021e-07	0.459059020328784	0.477	0.415	0.0169835523945577	c13	GIMAP2
5.57165396409783e-07	0.717083432410802	0.304	0.229	0.0186862130647913	c13	FABP5
5.68858557939395e-07	0.398379973789604	0.529	0.471	0.0190783783161714	c13	IRF2
6.64873792435885e-07	0.618236926456134	0.399	0.351	0.0222985372507147	c13	DNAJC1
7.68311652339042e-07	0.330658469618663	0.636	0.617	0.0257676361961468	c13	NOP10
7.84070790375288e-07	0.305336148111015	0.733	0.724	0.0262961661676064	c13	PGAM1
8.11806468413512e-07	0.633424580932399	0.319	0.252	0.0272263653376524	c13	HDDC2
8.94473443236716e-07	0.497668257275596	0.469	0.409	0.029998850339273	c13	CAPN2
9.85123266553278e-07	0.309958921515071	0.683	0.674	0.0330390641136638	c13	EID1
1.10037849770197e-06	0.416869746862591	0.516	0.476	0.0369044940559286	c13	R3HDM4
1.10252009111713e-06	0.408976133845746	0.589	0.547	0.0369763188158862	c13	SH3KBP1
1.21568512171498e-06	0.558495889967945	0.356	0.295	0.040771647612077	c13	SIPA1
1.28709337952673e-06	0.363411310940991	0.592	0.555	0.0431665377625673	c13	UBE2V1
1.34519417167255e-06	0.336819207417495	0.61	0.569	0.045115122129554	c13	NDUFA13
1.41628606725817e-06	0.303210250705031	0.651	0.63	0.0474994021237045	c13	NDUFB4
