p_val	avg_log2FC	pct.1	pct.2	p_val_adj	cluster	gene
0	4.46490341795602	0.812	0.039	0	c14	TRAV1-2
0	4.6490136659256	0.792	0.088	0	c14	NCR3
0	4.87705598058234	0.525	0.024	0	c14	SLC4A10
1.14370018309909e-305	3.53700645211453	0.399	0.044	3.83574167407774e-301	c14	ZBTB16
7.37369530299381e-236	3.18667884272508	0.445	0.07	2.47298993071806e-231	c14	IL4I1
2.52527813707123e-227	2.41566368139699	0.743	0.204	8.4692778161095e-223	c14	KLRG1
6.95564024338763e-214	3.29932376668803	0.421	0.069	2.33278262482734e-209	c14	LST1
6.17441844872316e-210	2.9185796356743	0.393	0.059	2.07077645933277e-205	c14	IL23R
1.02660818308942e-208	3.08868733098605	0.373	0.054	3.44303852444528e-204	c14	RORC
2.89678676166875e-173	1.74253886425514	0.988	0.592	9.71524344128467e-169	c14	KLRB1
1.3183189739796e-163	2.28317035291135	0.627	0.174	4.42137817493278e-159	c14	CEBPD
8.48426430586751e-112	3.40746310291037	0.361	0.084	2.84545256290184e-107	c14	CCL20
3.98086403850978e-104	1.36371188682954	0.882	0.48	1.33510218123541e-99	c14	CTSW
5.0085744011626e-104	1.84289888505075	0.363	0.084	1.67977568266191e-99	c14	EOMES
1.79847404696111e-103	0.950065502217738	1	0.885	6.03172225869816e-99	c14	S100A4
3.59197648617754e-92	1.2685028161233	0.96	0.716	1.20467707393422e-87	c14	LTB
2.7547104352541e-90	0.78618684247901	0.633	0.22	9.23874785775519e-86	c14	GZMK
4.41634622750103e-89	1.65702892001687	0.924	0.706	1.4811541977793e-84	c14	NFKBIA
2.77683656751618e-77	1.00491711595629	0.998	0.951	9.31295448013578e-73	c14	DUSP1
4.40495615667046e-77	0.829376443752727	0.99	0.893	1.47733419582414e-72	c14	S100A6
1.91344229673485e-75	1.31591600750885	0.948	0.76	6.41730277478936e-71	c14	DUSP2
4.07445967048716e-70	0.990923007833431	0.946	0.718	1.36649228428798e-65	c14	SPOCK2
1.09714536800055e-69	1.54385365541098	0.603	0.284	3.67960613520026e-65	c14	IFNGR1
6.41483123360289e-67	1.74503967848945	0.395	0.134	2.15140609912574e-62	c14	DPP4
4.15769044107494e-62	0.555492098517	0.94	0.55	1.39440622012771e-57	c14	NKG7
1.07151324480174e-53	0.921136664902737	0.82	0.438	3.59364112041607e-49	c14	CCL4
3.72805163725809e-51	1.66290093880104	0.359	0.135	1.25031395810362e-46	c14	PHACTR2
3.24016770362387e-50	1.32179383299608	0.517	0.247	1.08668744444137e-45	c14	TNFRSF25
1.35628432247062e-48	0.988315041414568	0.78	0.475	4.54870636070196e-44	c14	GBP5
7.48086437118993e-46	1.08438756724305	0.691	0.429	2.50893229280968e-41	c14	GPR65
3.97534738350522e-45	1.09461518276243	0.521	0.248	1.33325200547998e-40	c14	TMIGD2
4.16946160917802e-45	0.694395418813109	0.834	0.448	1.39835403448613e-40	c14	CD8A
2.77349038096366e-44	0.739197237890399	0.952	0.891	9.30173203967593e-40	c14	ZFP36L1
4.9570131601788e-43	1.17877660485389	0.349	0.134	1.66248307366077e-38	c14	PLEK
5.51203309567024e-43	0.888073411974267	0.986	0.958	1.84862565962589e-38	c14	CD69
1.13155908692262e-42	1.4716908804573	0.307	0.112	3.79502286572108e-38	c14	IKZF2
1.04471670526806e-41	1.50320450241668	0.347	0.141	3.50377088612804e-37	c14	IL18RAP
1.47296061388919e-38	0.97437649167816	0.659	0.401	4.94001530686156e-34	c14	AQP3
3.36433785956512e-38	0.824436661875004	0.758	0.497	1.12833163134095e-33	c14	PRF1
8.55090356064064e-38	1.50386946200416	0.431	0.213	2.86780203616766e-33	c14	LYST
1.58650005625614e-37	0.948705167545697	0.473	0.223	5.32080388867185e-33	c14	CCR6
7.49793336380441e-36	0.858977869076907	0.902	0.759	2.51465689155272e-31	c14	CXCR4
1.29238018378676e-35	1.17122937570163	0.589	0.352	4.33438466038405e-31	c14	BHLHE40
1.29590432940572e-35	0.977006098578302	0.645	0.403	4.3462039399609e-31	c14	JAML
4.56939583022871e-35	1.14683341109509	0.721	0.491	1.5324839735421e-30	c14	MT2A
8.41560147066744e-35	0.777282725051711	0.778	0.548	2.82242442123244e-30	c14	RORA
6.08498125057666e-34	1.10296754993355	0.487	0.268	2.0407810118184e-29	c14	CMC1
6.01845152315483e-31	0.895730072217964	0.673	0.462	2.01846827183567e-26	c14	CCDC107
1.09370861761752e-30	0.799273310718105	0.962	0.931	3.66807996176564e-26	c14	ZFP36
1.46950768271396e-30	0.917387214649194	0.555	0.319	4.92843486628608e-26	c14	ERN1
1.74932810727137e-30	1.13120002579979	0.491	0.277	5.86689660616672e-26	c14	SATB1
3.14775292368268e-30	0.725404990168115	0.657	0.411	1.0556933755447e-25	c14	LAG3
5.29096189841832e-30	0.983639386272706	0.489	0.268	1.77448280149153e-25	c14	TNF
1.10273420166289e-29	1.05146716681974	0.537	0.34	3.69834996553698e-25	c14	CTSA
2.06177040265801e-29	1.06110770317467	0.371	0.179	6.91476557643444e-25	c14	MAF
3.38110301378386e-29	0.479124561953254	0.922	0.666	1.13395432876283e-24	c14	IL7R
3.97672025847031e-28	0.467328178535116	0.976	0.907	1.33371244028577e-23	c14	HCST
3.34146975529067e-27	0.934755840974008	0.521	0.311	1.12066212652938e-22	c14	PRNP
1.1070148128075e-26	0.256448862356718	1	0.998	3.7127062791938e-22	c14	HLA-C
1.57422608885581e-26	0.255861166187834	1	0.997	5.27963945680462e-22	c14	MT-ND4L
7.55927479852908e-26	1.17024151511069	0.305	0.141	2.53522958193068e-21	c14	TNFSF13B
1.67221738087524e-25	0.878883410666588	0.571	0.372	5.60828265197939e-21	c14	SH2D1A
2.15713090339187e-25	1.03835708039978	0.393	0.211	7.23458562379566e-21	c14	ZC3H12A
7.60600908951281e-25	0.889012659657878	0.385	0.196	2.55090332844081e-20	c14	SAMD3
1.91049821483528e-24	0.65974423208732	0.794	0.635	6.40742891291456e-20	c14	SH2D2A
4.40219821166418e-24	0.353211497215374	0.996	0.988	1.47640923622793e-19	c14	MT-ND5
5.06651002704046e-24	1.09832731258892	0.345	0.176	1.69920613286883e-19	c14	ABCB1
2.06710684855622e-23	0.578078352860936	0.844	0.716	6.93266294868784e-19	c14	PDCD4
6.72674199605555e-23	1.00831567720614	0.617	0.43	2.25601473063711e-18	c14	PHLDA1
8.33517292045844e-23	0.660760005755503	0.764	0.602	2.79545029406335e-18	c14	BZW1
8.66086999013372e-23	0.924308014711621	0.461	0.28	2.90468257729105e-18	c14	CERK
1.34792358462351e-22	0.633353651743084	0.731	0.528	4.52066611811034e-18	c14	LINC01871
2.8287824496227e-22	0.694224396669976	0.914	0.835	9.48717057954462e-18	c14	BTG2
3.84650487029847e-22	0.281203973608258	1	0.997	1.2900408034007e-17	c14	MT-CYB
2.25164343706751e-21	0.25029923534214	1	0.996	7.55156175923702e-17	c14	RPLP0
2.54459655843848e-21	0.637468749692109	0.645	0.449	8.53406793769096e-17	c14	GYG1
5.2766571735986e-21	1.11030782195045	0.353	0.192	1.7696852828815e-16	c14	PRR5
5.33097959682813e-21	1.04252912661987	0.395	0.227	1.78790393718422e-16	c14	SESN1
2.16002765371103e-20	0.755600071134615	0.565	0.379	7.24430074501604e-16	c14	CDC42EP3
4.42476933809473e-20	0.847337192679888	0.583	0.413	1.48397914061021e-15	c14	PNP
6.87025486420178e-20	0.674062092728172	0.537	0.341	2.30414607635599e-15	c14	MATK
7.94422965833101e-20	0.885699159933096	0.359	0.197	2.66433574281105e-15	c14	MYBL1
3.84426418845137e-19	0.648149933586118	0.665	0.486	1.28928932352282e-14	c14	FKBP11
5.9486446385787e-19	0.524129662147501	0.964	0.885	1.99505643888652e-14	c14	TNFAIP3
7.82177689168655e-19	0.193908638391607	1	0.999	2.62326753393384e-14	c14	EEF1A1
8.45453120809682e-19	0.980327495694881	0.313	0.166	2.83548067657151e-14	c14	IER5
3.42361918228213e-18	0.720230346740185	0.81	0.709	1.14821340135378e-13	c14	IER2
3.56262846246644e-18	0.532891128123083	0.76	0.614	1.194834333742e-13	c14	YWHAQ
4.79301514620532e-18	0.98861643404014	0.327	0.182	1.60748141973434e-13	c14	AD000671.2
1.66966610610182e-17	0.681928850946949	0.721	0.543	5.5997261866443e-13	c14	RGS2
2.39237780570042e-17	0.40714633684436	0.964	0.889	8.02355668475805e-13	c14	FOS
2.82027369121103e-17	0.460150048208273	0.946	0.914	9.45863390558357e-13	c14	HSP90AB1
4.18076104847213e-17	0.882816515040766	0.409	0.255	1.40214364043658e-12	c14	IGFLR1
4.67197131243772e-17	0.88110244905641	0.479	0.316	1.56688573876536e-12	c14	NFKB1
8.16059689544675e-17	0.27229704204932	1	0.995	2.73690098679493e-12	c14	MT-ND3
1.51735016886754e-16	0.65303342061175	0.896	0.82	5.08888899634795e-12	c14	JUN
2.04515534745995e-16	0.598722703945871	0.647	0.479	6.85904200431118e-12	c14	AC020916.1
2.67325720813574e-16	0.647517437866766	0.577	0.42	8.96557002464564e-12	c14	CASP1
5.83812179020257e-16	0.185883180642873	1	0.999	1.95798928599814e-11	c14	HLA-B
2.03455732052239e-15	1.00271530838305	0.443	0.306	6.82349834156799e-11	c14	RBPJ
2.14296696773881e-15	0.550863064755906	0.671	0.517	7.18708261640241e-11	c14	PARP8
2.33296769088772e-15	0.60530390661942	0.501	0.332	7.82430704169923e-11	c14	LYAR
3.41010986081898e-15	0.193869129006465	0.715	0.48	1.14368264512147e-10	c14	HOPX
3.54428309901021e-15	0.280425710874942	0.988	0.963	1.18868166574604e-10	c14	MT-ND4
4.23971419900645e-15	0.95349106744932	0.373	0.238	1.42191534806278e-10	c14	IPCEF1
1.08394328303877e-14	0.73875742213582	0.359	0.214	3.63532898265543e-10	c14	SLAMF7
2.09027161994834e-14	0.474987651893571	0.88	0.806	7.01035295898275e-10	c14	PPP1R15A
2.35867889877272e-14	0.670341580332132	0.441	0.287	7.91053729070394e-10	c14	PTMS
4.04704806976416e-14	0.757522290692887	0.617	0.499	1.35729898163751e-09	c14	NFKBIZ
4.59825453709618e-14	0.548574999131763	0.735	0.627	1.54216260665132e-09	c14	RPL22L1
5.76255738327742e-14	0.763004808045209	0.407	0.269	1.93264649520358e-09	c14	LPCAT4
7.27898470397018e-14	0.824838976905143	0.331	0.201	2.44122589001752e-09	c14	CD151
1.05871842528012e-13	0.419458800561203	0.695	0.545	3.55072985470447e-09	c14	TTC39C
1.11658239922837e-13	0.874826445095082	0.337	0.211	3.74479405053211e-09	c14	AC004687.1
1.31537336351688e-13	0.572004469464579	0.635	0.479	4.4114991865629e-09	c14	GBP2
1.96786357743414e-13	0.160700156887633	1	0.998	6.59982086599863e-09	c14	MT-CO2
1.97532231765386e-13	0.704161649086826	0.391	0.249	6.62483598894752e-09	c14	SYTL2
2.28446275839585e-13	0.562761862568453	0.607	0.457	7.66163119910799e-09	c14	SLA
2.32228066656629e-13	0.170199950357433	1	0.999	7.78846489953001e-09	c14	MT-CO1
2.81546708016407e-13	0.164617089504687	1	0.996	9.44251349345425e-09	c14	RPL6
3.67160953553064e-13	0.229994204338681	0.998	0.996	1.23138440602627e-08	c14	MT-ATP8
1.06461274287634e-12	0.928354439746683	0.347	0.207	3.57049821705866e-08	c14	CCL4L2
1.30444575803456e-12	0.213016166470891	1	0.997	4.37485018329631e-08	c14	MT-ATP6
1.58350100764455e-12	0.247973289254071	0.988	0.96	5.31074567943829e-08	c14	LAPTM5
1.80590037506891e-12	0.848314203885865	0.333	0.211	6.0566286779061e-08	c14	BCL7C
1.98526134474979e-12	0.723245025241427	0.329	0.202	6.65816949802184e-08	c14	AC007384.1
2.15198972335103e-12	0.887451904623953	0.335	0.212	7.21734313417469e-08	c14	SNX9
2.70997018918502e-12	0.322519560969201	0.772	0.596	9.08869802048873e-08	c14	ID2
3.90713529623232e-12	0.682614746777191	0.425	0.295	1.31037503565039e-07	c14	EFHD2
5.34361904785063e-12	0.503881326658895	0.589	0.449	1.79214295626814e-07	c14	APOBEC3G
9.14246994379642e-12	0.32144393498116	0.984	0.958	3.06620156975044e-07	c14	JUNB
1.42731976179648e-11	0.685963658158265	0.463	0.329	4.78694501711302e-07	c14	SERTAD1
1.45000085771903e-11	0.336719283696491	0.896	0.807	4.86301287661809e-07	c14	MT-ND6
1.60361839210465e-11	0.440694585638133	0.563	0.403	5.37821536344057e-07	c14	SLAMF1
1.73782488694178e-11	0.388013750269172	0.729	0.599	5.82831710582535e-07	c14	PTPN6
1.75708397072697e-11	0.451499227160708	0.741	0.648	5.89290822102412e-07	c14	LBH
1.85923064567812e-11	0.661634251116364	0.391	0.263	6.23548773947527e-07	c14	GLRX
3.1385114941404e-11	0.242933114721215	0.99	0.964	1.05259398490481e-06	c14	MT-ND2
4.21533389361588e-11	0.399921894604538	0.403	0.267	1.4137386812409e-06	c14	TNFSF9
5.94612439783299e-11	0.52877325464854	0.573	0.457	1.99421120054523e-06	c14	EIF4A1
1.04702208115798e-10	0.244768745307696	0.99	0.979	3.51150265578762e-06	c14	SRGN
1.06606059371696e-10	0.457480915702608	0.639	0.512	3.57535401920796e-06	c14	TC2N
1.7282184965321e-10	0.440688580355652	0.379	0.246	5.79609919366936e-06	c14	SPRY1
2.07857188974723e-10	0.602818721231475	0.545	0.423	6.97111440383428e-06	c14	RNF19A
2.09572288444709e-10	0.691817147798542	0.413	0.29	7.02863540985867e-06	c14	RBKS
2.48767980840253e-10	0.457648293984528	0.707	0.603	8.34318054142039e-06	c14	ADGRE5
2.85622124070864e-10	0.681112380159662	0.335	0.218	9.57919479708863e-06	c14	TLE4
2.94362536062276e-10	0.393287041798955	0.681	0.575	9.87233073445661e-06	c14	PAK2
3.02931349701798e-10	0.689977220094313	0.353	0.239	1.01597116062989e-05	c14	YARS
5.99479630308811e-10	0.587645810084005	0.463	0.35	2.01053478412969e-05	c14	DNAJC1
6.83944065857774e-10	0.689318840220281	0.361	0.249	2.2938116080738e-05	c14	PERP
7.21100500951988e-10	0.77346356258107	0.315	0.209	2.41842686009278e-05	c14	NFKBIB
7.95379656290642e-10	0.337879918935438	0.697	0.571	2.66754429126756e-05	c14	FCMR
9.59228566721128e-10	0.667752054311125	0.375	0.263	3.21706076706932e-05	c14	MTFP1
9.95922056245909e-10	0.405230979181737	0.451	0.308	3.34012339223753e-05	c14	DYNLT3
1.18930130353437e-09	0.385081549882002	0.772	0.681	3.98867871179356e-05	c14	SQSTM1
1.24845528698933e-09	0.392431306387185	0.693	0.595	4.18706934150482e-05	c14	TNFAIP8
1.54665754513414e-09	0.0974137396362562	0.876	0.743	5.18718007487087e-05	c14	CST7
1.60570999584458e-09	0.186884611995039	0.996	0.967	5.38523018406357e-05	c14	EEF1G
1.70681541470338e-09	0.469581722596423	0.459	0.339	5.7243175378322e-05	c14	RELB
2.26506050093695e-09	0.66945941707078	0.433	0.327	7.59655990804235e-05	c14	CISD3
3.23663135177514e-09	0.283665452139628	0.896	0.817	0.000108550142275835	c14	TAGAP
3.74913662253635e-09	0.711885602504978	0.323	0.222	0.000125738544046624	c14	NFKBID
3.76667475388456e-09	0.278503729698596	0.561	0.426	0.000126326737895781	c14	CXCR6
4.28097789763501e-09	0.251928071895459	0.862	0.776	0.000143575436730883	c14	SEPT7
5.004115163977e-09	0.274058696772086	0.818	0.712	0.000167828014369461	c14	FOSB
5.17676776406527e-09	0.703268602561456	0.307	0.204	0.000173618437271221	c14	RAB9A
5.42064120416544e-09	0.722446727337226	0.335	0.229	0.000181797464705301	c14	TNFSF14
5.67164882273782e-09	0.526710197278732	0.459	0.339	0.000190215758216981	c14	ACAA2
6.3157496812439e-09	0.205038009981928	0.988	0.971	0.000211817612809558	c14	PNRC1
7.11836360580527e-09	0.349528859261609	0.83	0.743	0.000238735678611497	c14	DNAJA1
7.86186912182451e-09	0.362138156885852	0.665	0.544	0.00026367136660775	c14	NR4A1
7.88631941366854e-09	0.525753354290637	0.561	0.454	0.000264491380495616	c14	VSIR
8.05224666473767e-09	0.265907618337923	0.992	0.986	0.000270056248641972	c14	BTG1
8.59485046413851e-09	0.666015577923619	0.411	0.307	0.000288254094866277	c14	RAB18
1.03932412585985e-08	0.601683461419032	0.333	0.228	0.000348568525330877	c14	SKIL
1.23698660891358e-08	0.132101089306178	1	0.994	0.000414860568897437	c14	RPL5
1.34482474142384e-08	0.629626899909952	0.367	0.263	0.000451027321778727	c14	IL12RB1
1.40763918171452e-08	0.554795527358782	0.403	0.286	0.000472094028763416	c14	BCL2
1.49720906902713e-08	0.587795769669237	0.453	0.34	0.00050213397757032	c14	DUSP5
1.52368571738092e-08	0.536903014628426	0.421	0.311	0.000511013715895212	c14	TRAF1
1.69520926866236e-08	0.0546931122340937	0.816	0.73	0.000568539284523981	c14	TUBB
2.05680524563556e-08	0.610228697215954	0.309	0.204	0.000689811343281254	c14	PLAC8
2.07228464769202e-08	0.256127559267889	0.914	0.87	0.000695002825142949	c14	TPM3
2.63825840043157e-08	0.505023818302614	0.409	0.299	0.000884819102336738	c14	ARL4A
2.65930969867111e-08	0.603854160209958	0.467	0.367	0.000891879286740318	c14	ODF2L
2.97997923611637e-08	0.314055204874983	0.689	0.572	0.000999425436208707	c14	JUND
3.15792884399514e-08	0.383897339215242	0.711	0.626	0.00105910617569909	c14	EIF5A
3.88154999697538e-08	0.37162037722646	0.619	0.501	0.0013017942379856	c14	RBMS1
4.79170499139814e-08	0.368560770897206	0.635	0.534	0.00160704202001511	c14	ATP1A1
5.18756933298536e-08	0.11502843125644	1	0.998	0.00173980700289663	c14	RPS12
7.48668878412747e-08	0.156528155225238	1	0.997	0.00251088568442067	c14	RPS4X
9.03155879462121e-08	0.650321531225503	0.321	0.224	0.00302900418854006	c14	NEK7
1.06609347845585e-07	0.592274550016066	0.327	0.23	0.00357546430804523	c14	SACM1L
1.22559524047646e-07	0.254536826947168	0.737	0.64	0.00411040131750996	c14	CYCS
1.5990810270754e-07	0.492578368668747	0.421	0.326	0.00536299794860547	c14	AP3S1
1.62126266457976e-07	0.42138800365148	0.473	0.363	0.00543739072446759	c14	TMEM109
1.93220307074537e-07	0.318248442184865	0.758	0.681	0.00648022265866582	c14	NME2
2.24712793267595e-07	0.361516175245482	0.485	0.37	0.00753641766060859	c14	RHOC
2.28546602589725e-07	0.257827304832952	0.886	0.837	0.00766499595765418	c14	NCL
2.38847620549264e-07	0.363731134884586	0.581	0.47	0.00801047149798122	c14	MGAT4A
2.57542078286732e-07	0.343494931236977	0.661	0.571	0.00863744622158042	c14	TMED10
2.92441689398894e-07	0.341038180958648	0.581	0.487	0.00980790937906012	c14	ARPC5L
3.05071998655284e-07	0.126882886722889	1	0.998	0.0102315046909009	c14	MT-CO3
3.10336098267473e-07	0.296837826681376	0.719	0.637	0.0104080520636945	c14	P4HB
3.23530649873802e-07	0.314500894864238	0.784	0.675	0.0108505709354676	c14	IL2RG
4.40263874729453e-07	0.551050245752847	0.337	0.243	0.0147655698306764	c14	ADAM10
4.58960534794965e-07	0.136789567061238	1	0.995	0.0153926184159535	c14	RPL15
5.03406047213619e-07	0.11955099372762	1	0.998	0.0168832320114503	c14	EIF1
5.39726634752858e-07	0.327789051246573	0.643	0.542	0.0181013518763414	c14	YWHAH
6.71771010147885e-07	0.227602374754552	0.743	0.628	0.0225298561383398	c14	CSRNP1
6.75029142664529e-07	0.431528792143241	0.479	0.377	0.022639127386683	c14	LYSMD2
7.09500491652361e-07	0.570001063082872	0.389	0.3	0.0237952274890369	c14	IMPDH2
7.77311758902318e-07	0.244770766040005	0.707	0.602	0.026069481770066	c14	NDUFV2
8.14092416099604e-07	0.287066141842035	0.701	0.599	0.0273030314511485	c14	DHRS7
8.52146631577e-07	0.263650210796765	0.81	0.765	0.0285792937298294	c14	PDIA3
1.18295091565212e-06	0.544468813993477	0.347	0.257	0.0396738078091408	c14	NFKB2
1.30473947833861e-06	0.349213593912256	0.585	0.504	0.0437583526245204	c14	XBP1
1.33598946902459e-06	0.312722484694625	0.768	0.693	0.0448064148121466	c14	C9orf16
1.36435617664781e-06	0.339337219223852	0.615	0.527	0.0457577774524142	c14	CAST
1.38212732256567e-06	0.237220092751051	0.912	0.864	0.0463537861442074	c14	LCP1
1.48430327897104e-06	0.558876283368494	0.303	0.217	0.0497805633701306	c14	RGS3
