p_val	avg_log2FC	pct.1	pct.2	p_val_adj	cluster	gene
0	2.28292831666101	0.704	0.187	0	c6	CCR6
0	2.79176578889783	0.557	0.109	0	c6	TNFSF13B
0	1.31551600827791	0.758	0.331	0	c6	CD40LG
0	1.6010891676095	0.788	0.399	0	c6	LGALS3
0	4.00160004845084	0.418	0.034	0	c6	IL23R
0	3.78837516365118	0.429	0.045	0	c6	IL4I1
0	1.32525462049185	0.756	0.376	0	c6	AQP3
0	0.98317155045177	0.935	0.569	0	c6	KLRB1
0	1.54067416339186	0.991	0.642	0	c6	IL7R
0	2.09045788150649	0.398	0.115	0	c6	DPP4
0	0.900723799975402	0.965	0.694	0	c6	ANXA1
0	1.22346829507694	0.791	0.527	0	c6	TTC39C
0	1.62629480265981	0.366	0.114	0	c6	IL2
0	0.933842264943741	0.782	0.531	0	c6	RORA
0	1.76652429563095	0.405	0.16	0	c6	CEBPD
0	0.749634856547981	0.941	0.7	0	c6	LTB
0	2.42128328306025	0.305	0.069	0	c6	CCL20
0	1.12538321096177	0.904	0.698	0	c6	FOSB
0	0.823369379473516	0.996	0.877	0	c6	S100A4
0	0.956819300969718	0.986	0.882	0	c6	FOS
0	1.01639763866743	0.978	0.878	0	c6	TNFAIP3
0	0.957493291091497	0.993	0.948	0	c6	DUSP1
0	0.494661743372717	0.992	0.965	0	c6	EEF1G
0	0.475754599843494	0.996	0.971	0	c6	ITM2B
0	0.439356047317127	0.997	0.975	0	c6	EEF1B2
0	0.637671483387752	1	0.995	0	c6	RPLP0
0	0.546061945359976	1	0.998	0	c6	TPT1
0	0.41972191122666	1	0.999	0	c6	EEF1A1
0	0.3309603703067	1	0.999	0	c6	RPL10
0	0.652918897461889	1	0.999	0	c6	RPLP1
9.07987230406554e-308	0.309229942288793	1	0.997	3.0452075733375e-303	c6	RPL32
7.36451066215946e-297	1.23607562157767	0.563	0.302	2.46990958587504e-292	c6	ERN1
2.78262096992716e-295	0.275539148616418	0.999	0.998	9.3323542089417e-291	c6	RPL13
8.93369799866254e-293	0.612846157474552	0.973	0.888	2.99618363479144e-288	c6	S100A6
8.18268706072607e-290	0.304294659399551	1	0.997	2.74430958642631e-285	c6	RPS12
1.97177837738344e-289	1.15573952273576	0.866	0.696	6.61295032206858e-285	c6	NFKBIA
3.76808466294234e-263	0.544088307878927	0.992	0.932	1.2637402342576e-258	c6	VIM
2.7047702232078e-260	0.943540183065959	0.778	0.569	9.07125837459432e-256	c6	MYADM
2.73324040610009e-257	0.282917822739909	1	0.996	9.16674167397849e-253	c6	RPS13
1.51807632044669e-249	1.29400478748312	0.437	0.212	5.09132436351413e-245	c6	SESN1
7.97125879690223e-249	1.31956768488282	0.4	0.182	2.67340077530507e-244	c6	MYBL1
1.70689787265477e-245	0.266831336234374	1	0.997	5.72459408530957e-241	c6	RPS3A
1.11999555843536e-243	0.695853153861688	0.925	0.797	3.7562411038805e-239	c6	PPP1R15A
1.54426814674225e-243	1.14737377174417	0.905	0.813	5.17916651054417e-239	c6	JUN
9.40063578212466e-243	0.279337947732762	1	0.997	3.15278522860897e-238	c6	RPS14
1.46348188353432e-242	0.259251755563549	1	0.998	4.90822554099742e-238	c6	RPS27A
1.02540326769234e-240	0.334571387768043	0.998	0.993	3.43899747918657e-236	c6	RPSA
3.01017816004172e-238	0.75440223671518	0.948	0.873	1.00955355131479e-233	c6	TSC22D3
1.64973629177328e-237	1.09133815498036	0.527	0.292	5.53288557534922e-233	c6	DYNLT3
1.54537508557423e-234	0.953522730938571	0.69	0.463	5.18287896199886e-230	c6	AC020916.1
4.35667164457451e-229	1.32842265932333	0.382	0.175	1.4611405361574e-224	c6	AC020571.1
2.63991973771869e-218	0.290003864256629	0.999	0.995	8.85376281636095e-214	c6	RPL3
6.77248890300903e-215	0.308880573783502	0.999	0.991	2.27135732829117e-210	c6	RPL9
3.75413349882353e-210	1.10346022755293	0.487	0.271	1.25906129283543e-205	c6	IFNGR1
1.31975537273324e-205	0.278963331730067	1	0.997	4.42619556907273e-201	c6	RPL34
4.40933463373118e-201	0.529436952527419	0.904	0.758	1.47880264946076e-196	c6	S100A11
4.94048074668138e-198	0.271523775042813	0.999	0.991	1.656938432822e-193	c6	RPS5
2.16322861081595e-192	1.05723649278546	0.594	0.4	7.25503611495453e-188	c6	PNP
1.81532970065363e-191	0.770049900441201	0.545	0.304	6.08825275005214e-187	c6	CD4
1.67588527968121e-187	0.26948216133238	1	0.998	5.62058405099484e-183	c6	RPS19
1.55691008925186e-184	1.11964142298408	0.431	0.236	5.2215650573329e-180	c6	PERP
7.41265947414324e-184	0.242376355022397	0.999	0.996	2.48605773443816e-179	c6	RPS6
3.39666222785998e-183	0.263011253323843	1	0.996	1.13917257797968e-178	c6	RPL39
1.21232423662418e-175	1.52576167755332	0.455	0.255	4.06589302479018e-171	c6	TNF
8.61838174738142e-172	0.795365293774375	0.644	0.457	2.89043287043678e-167	c6	MGAT4A
1.6551619027992e-169	0.605326637976431	0.964	0.912	5.55108198960797e-165	c6	KLF6
3.59728457147599e-169	0.218676355566481	1	0.997	1.20645729958162e-164	c6	RPL18
1.5011328216754e-165	0.684847434448405	0.726	0.572	5.03449925733494e-161	c6	RBL2
2.09266016710432e-160	0.25614421520581	0.998	0.991	7.01836366843448e-156	c6	RPL10A
1.26178642457907e-159	0.632128668943438	0.735	0.559	4.23177931075328e-155	c6	FLT3LG
4.16086860346946e-159	1.10536839388966	0.374	0.2	1.39547211223159e-154	c6	ANKRD28
1.09973800727023e-157	0.647458862927755	0.709	0.53	3.68830132878289e-153	c6	YWHAH
1.97755226577629e-157	0.235187201027759	0.999	0.997	6.63231478896051e-153	c6	RPS18
5.73778952912319e-156	0.654067284876773	0.981	0.956	1.92433985227733e-151	c6	CD69
8.6034089683555e-153	0.221461652252716	0.999	0.996	2.88541129980707e-148	c6	RPS25
3.1954971906213e-152	0.937252959955214	0.471	0.286	1.07170584779057e-147	c6	ARL4A
3.36122263671463e-151	0.202325596734284	1	0.998	1.12728684790135e-146	c6	RPL30
6.36868866245726e-151	0.426851660412235	0.96	0.881	2.13593080361492e-146	c6	IFITM2
2.56105982895791e-148	0.19766181268392	1	0.998	8.58928245435903e-144	c6	RPS8
1.43474471068905e-147	0.625206280415066	0.759	0.603	4.81184681070895e-143	c6	YWHAQ
1.34212259152096e-144	0.808290559226953	0.487	0.299	4.50121074744301e-140	c6	PRNP
2.16362921007179e-144	0.424589277168459	0.867	0.708	7.25637964473876e-140	c6	SPOCK2
3.65857592685319e-143	0.233461255920539	0.999	0.994	1.22701319434802e-138	c6	RPL17
3.01880497275156e-141	0.865279441969512	0.688	0.534	1.01244681176142e-136	c6	NR4A1
1.61163246257045e-140	0.8394786398397	0.5	0.324	5.40509295296877e-136	c6	PDE4D
2.91144814977944e-138	0.204740022153545	1	0.997	9.7644148047303e-134	c6	RPS2
3.63830209196208e-138	0.919671264722892	0.406	0.237	1.22021375560224e-133	c6	TNFRSF25
3.32161274444183e-137	0.894509765498304	0.386	0.216	1.1140024822309e-132	c6	NCF4
2.16658184301137e-136	0.182718384142925	1	0.997	7.26628218509153e-132	c6	RPS23
1.00741764328153e-135	0.623477270525088	0.756	0.606	3.37867729203759e-131	c6	SCML4
1.34634725119101e-135	0.305087354935059	0.992	0.969	4.5153794110444e-131	c6	CALM1
2.64271199986025e-132	0.246836945109576	0.997	0.99	8.8631275051313e-128	c6	RPL35
1.3763334276573e-131	0.202774345574176	0.998	0.996	4.61594704967706e-127	c6	RPL14
4.43948002248711e-131	0.199647665982097	1	0.996	1.48891280994173e-126	c6	RPLP2
7.73160803942091e-127	0.9390016333567	0.429	0.27	2.59302670426098e-122	c6	CERK
1.3676740151793e-122	0.166782516644844	1	0.998	4.58690511210834e-118	c6	RPL19
3.30714644285304e-122	0.169499000213474	1	0.998	1.10915077400405e-117	c6	RPL11
2.19671137186694e-121	0.18169166667983	1	0.997	7.36733059896734e-117	c6	RPS3
3.69106153778795e-120	0.177385572203858	1	0.997	1.23790821854332e-115	c6	RPL29
4.7763464939586e-120	0.486251003417054	0.692	0.482	1.60189108714384e-115	c6	GPR183
1.72458865102283e-118	0.251453809840579	0.992	0.981	5.78392541780037e-114	c6	RPL27
8.42834742496987e-115	0.975878478243351	0.376	0.228	2.8266991593864e-110	c6	AHR
5.0796689351034e-111	0.657159065458725	0.885	0.832	1.70361936745498e-106	c6	BTG2
1.61799978174737e-109	0.453674672110976	0.694	0.535	5.42644766802433e-105	c6	PBXIP1
2.18896804725239e-108	0.532506178600514	0.753	0.619	7.34136103687507e-104	c6	CSRNP1
1.60242178280773e-107	0.972305810630613	0.342	0.202	5.37420217518056e-103	c6	CD200R1
8.14316603295041e-102	0.569283327234034	0.561	0.386	2.73105502413091e-97	c6	CAPG
1.11850991623435e-101	0.190651847292335	1	0.997	3.75125855706675e-97	c6	RPS4X
9.80841655546847e-101	0.651322080330051	0.677	0.534	3.28954674437302e-96	c6	RGS2
4.18963019914559e-99	0.514205649439762	0.705	0.548	1.40511817618945e-94	c6	AHNAK
1.17115674663985e-98	0.530484631579769	0.634	0.476	3.92782549688073e-94	c6	FKBP11
9.43201996347988e-97	0.358537170321469	0.921	0.861	3.16331085535188e-92	c6	RPL36A
1.3259743209626e-96	0.174059502412148	0.999	0.996	4.44705267764436e-92	c6	RPL35A
2.12068872998763e-96	0.369068055807547	0.882	0.814	7.11236586263252e-92	c6	SERP1
3.27652017104262e-96	0.43483766652666	0.831	0.718	1.09887933496428e-91	c6	OSTF1
1.08299128551103e-94	0.142496938498785	1	0.998	3.6321361733469e-90	c6	RPL28
1.53327158085989e-92	0.251286121522182	0.987	0.97	5.14228622788792e-88	c6	RPL38
4.46653649180173e-92	0.191050628773801	0.998	0.991	1.49798700862046e-87	c6	RPL22
7.57961522016354e-92	0.182797005268319	0.998	0.992	2.54205135253845e-87	c6	RPL21
9.11669848090091e-89	0.994423147047219	0.311	0.188	3.05755833652455e-84	c6	KDSR
2.44186162704327e-88	0.165152178777976	0.998	0.995	8.1895155247777e-84	c6	RPS16
8.63764486855717e-88	0.538625337167804	0.546	0.394	2.8968933360167e-83	c6	SLAMF1
4.07930800919678e-86	0.16127927157474	0.999	0.996	1.36811832012442e-81	c6	RPL8
1.3269167972456e-85	0.212160792829776	0.994	0.98	4.4502135546023e-81	c6	RPL4
2.82707268892147e-84	0.169028077677436	0.999	0.994	9.48143638410484e-80	c6	RPL5
3.88738063967498e-84	0.699686116261323	0.418	0.277	1.30374971893419e-79	c6	BCL2
9.01850337175007e-83	0.590657191567935	0.479	0.326	3.02462566081754e-78	c6	PTGER2
2.5525771596392e-82	0.743822891704622	0.345	0.213	8.56083327799794e-78	c6	SORL1
1.1687597776225e-81	0.33556870259895	0.955	0.903	3.91978654219035e-77	c6	CRIP1
6.92651529504173e-80	0.509486242279017	0.541	0.395	2.3230146996511e-75	c6	JAML
1.03394978241473e-79	0.597982035637068	0.508	0.371	3.46766078026251e-75	c6	CDC42EP3
5.71397466787969e-79	0.188689774126856	0.998	0.994	1.91635282411349e-74	c6	RPS21
1.07274245133266e-78	0.810707633494426	0.602	0.492	3.59776363327946e-74	c6	NFKBIZ
1.65607142561921e-76	0.346876865419757	0.943	0.887	5.5541323472417e-72	c6	ZFP36L1
1.6691096903244e-76	0.68322223260848	0.483	0.359	5.59786007940996e-72	c6	ODF2L
8.84150559454378e-76	0.3326110538598	0.693	0.517	2.96526414629809e-71	c6	LINC01871
1.58155724348175e-74	0.784535983216103	0.34	0.221	5.30422668318908e-70	c6	TPD52
1.77638222202268e-74	0.682184923918495	0.32	0.196	5.95763069621967e-70	c6	PLAC8
4.58213004648531e-73	0.482313431967192	0.623	0.498	1.53675477499024e-68	c6	PLP2
1.04847943791579e-72	0.127880407458226	1	0.997	3.51639033888197e-68	c6	RPL18A
6.43221077693345e-72	0.16682706326581	0.999	0.998	2.15723485036794e-67	c6	EIF1
1.5124136201198e-71	0.323956855155131	0.912	0.86	5.07233279915778e-67	c6	MCL1
4.21368518003447e-71	0.315985705792271	0.886	0.798	1.41318573567996e-66	c6	ABRACL
1.21492375668805e-70	0.597598263034684	0.409	0.278	4.07461129518037e-66	c6	TIMP1
8.60433676708927e-70	0.293023996523457	0.927	0.881	2.8857224649464e-65	c6	TAGLN2
3.80968101473481e-69	0.640760806454998	0.46	0.346	1.27769081872176e-64	c6	TRADD
4.16489641118611e-68	0.28719987293091	0.952	0.911	1.3968229583836e-63	c6	HSP90AB1
1.38571165968812e-67	0.591361149244882	0.497	0.384	4.64739976426201e-63	c6	GDI1
1.73049334427425e-67	0.343338020601698	0.783	0.689	5.80372857802699e-63	c6	PEBP1
4.48318181668162e-67	0.668485506200563	0.467	0.345	1.50356951767868e-62	c6	BHLHE40
4.88430328959727e-67	0.693812239550638	0.41	0.295	1.63809763726513e-62	c6	MDFIC
1.41876776993861e-65	0.143299327214313	0.999	0.996	4.75826334682011e-61	c6	RPL12
2.83982300302015e-63	0.239140920195368	0.976	0.957	9.52419838752899e-59	c6	JUNB
2.59806191133622e-62	0.282082369528931	0.998	0.996	8.71338003823943e-58	c6	FTH1
5.09935622855551e-62	0.413352862130849	0.917	0.87	1.71022209193295e-57	c6	DNAJB1
3.49536049179913e-61	0.809448751191719	0.307	0.204	1.17227400173959e-56	c6	ABHD13
5.04551287053182e-61	0.341398021961228	0.798	0.711	1.69216410651896e-56	c6	PDCD4
1.18665995210437e-60	0.19878372464386	0.974	0.956	3.97982014736763e-56	c6	TOMM7
1.33459050392111e-60	0.75080283072414	0.331	0.224	4.47594963205062e-56	c6	PFKFB3
1.97250791292053e-60	0.300701320772292	0.862	0.807	6.61539703835288e-56	c6	APRT
5.92265088582077e-59	0.148678513753918	0.999	0.991	1.98633865408657e-54	c6	UBA52
2.35061495637544e-58	0.221707889626074	0.917	0.831	7.88349244069196e-54	c6	S100A10
9.83880705285503e-58	0.202198703576436	0.968	0.947	3.29973910938652e-53	c6	RPL27A
7.06595978654321e-57	0.225938530693947	0.985	0.97	2.36978159321086e-52	c6	PNRC1
3.28743597807373e-55	0.335055235295025	0.632	0.503	1.10254027832637e-50	c6	TC2N
1.32779289556728e-54	0.705988631494186	0.339	0.235	4.45315181315353e-50	c6	CISH
2.22563752433746e-54	0.126335175012265	0.999	0.996	7.46434312912296e-50	c6	RPL6
4.53086087668843e-54	0.583958590999039	0.457	0.355	1.51956012082377e-49	c6	GLO1
2.66236273154794e-53	0.189211646873165	0.986	0.971	8.92903212906547e-49	c6	RPL31
1.42597553536458e-51	0.470819466120828	0.552	0.457	4.78243675050572e-47	c6	CCDC107
2.05987669536082e-50	0.534187940304823	0.724	0.65	6.90841446090112e-46	c6	CITED2
2.63281227637804e-50	0.430534223291979	0.616	0.529	8.82992581251667e-46	c6	ATP1A1
3.08262972087562e-50	0.436589531615045	0.945	0.93	1.03385235578726e-45	c6	ZFP36
1.21331306792541e-49	0.160153818200527	0.985	0.969	4.06920936720824e-45	c6	RPL7
6.04596967631059e-49	0.39008467614327	0.658	0.567	2.02769731004104e-44	c6	JUND
4.27438278502281e-48	0.396394791728207	0.801	0.739	1.43354249844095e-43	c6	DNAJA1
6.4610976715735e-48	0.254577506944326	0.858	0.805	2.16692293709232e-43	c6	RPS10
3.03457123390043e-47	0.380786389241461	0.822	0.755	1.01773450042553e-42	c6	CXCR4
3.50056448582531e-47	0.348788891254712	0.655	0.561	1.17401931725609e-42	c6	TMEM123
7.94609600359336e-47	0.716933457648811	0.568	0.476	2.66496167768514e-42	c6	HSPA1B
1.32906316324617e-46	0.132796127068604	0.998	0.99	4.45741203689502e-42	c6	RPS9
1.34046924852329e-46	0.637662822715121	0.33	0.236	4.49566576569742e-42	c6	TNFSF12
3.93655843917054e-46	0.696781734721531	0.38	0.284	1.32024296932902e-41	c6	RBKS
4.08373431890358e-45	0.369380792138952	0.593	0.489	1.36960281587388e-40	c6	ICOS
2.7462479895413e-44	0.555873220615146	0.339	0.244	9.21036650732362e-40	c6	SYTL2
3.20146024864547e-44	0.333947263266242	0.671	0.59	1.07370573819072e-39	c6	TNFAIP8
4.3810022733813e-44	0.669068586855532	0.512	0.425	1.46930054244662e-39	c6	PHLDA1
7.64883866968063e-44	0.494833072439248	0.44	0.342	2.56526751303749e-39	c6	STN1
5.42995600935921e-43	0.467093193904655	0.517	0.425	1.82109864641889e-38	c6	GPR65
4.28830416177835e-42	0.319670134133287	0.797	0.723	1.43821144977722e-37	c6	PTGER4
5.05623159112739e-42	0.157381771161701	0.971	0.92	1.69575895103231e-37	c6	CD2
6.32100895866836e-42	0.369042431280278	0.544	0.448	2.1199399845582e-37	c6	VSIR
6.37830033592581e-42	0.382587136382994	0.586	0.496	2.1391543666628e-37	c6	RBMS1
4.77739679346836e-39	0.451656457912161	0.477	0.396	1.60224333659342e-34	c6	SMAP1
5.71591145330736e-39	0.413434143345886	0.438	0.337	1.91700238321022e-34	c6	ICAM2
2.96457832269541e-38	0.195070722723405	0.9	0.865	9.94260277865587e-34	c6	CD48
3.20666774556599e-38	0.331944620231301	0.631	0.545	1.07545222850792e-33	c6	PPA1
5.31081288191603e-38	0.550493934113544	0.301	0.214	1.781140424337e-33	c6	THEM4
3.65875950794922e-37	0.339453418866012	0.735	0.664	1.22707476377601e-32	c6	TUBA1A
4.04055311159154e-37	0.502346736830042	0.652	0.58	1.35512070256557e-32	c6	DDIT4
4.656305024785e-37	0.422115862098091	0.426	0.331	1.56163157921239e-32	c6	TMEM173
3.07015927813104e-35	1.14384518070183	0.355	0.287	1.02967001869959e-30	c6	EGR1
5.69624948908524e-35	0.134937708031377	0.989	0.979	1.91040815364941e-30	c6	EEF2
1.58043166594433e-34	0.146211309052856	0.983	0.973	5.3004517212441e-30	c6	DDX5
1.70535310952828e-34	0.09401562215933	0.999	0.996	5.71941325873594e-30	c6	RPL26
2.21253164783727e-34	0.109081617831539	0.999	0.992	7.42038864051665e-30	c6	RPL24
1.78961653048803e-33	0.311306908070892	0.645	0.586	6.00201591995075e-29	c6	CMPK1
2.65156734852851e-33	0.184327352759234	0.89	0.86	8.89282657349491e-29	c6	NOP53
2.68772944990919e-33	0.179299489882854	0.919	0.891	9.01410702910544e-29	c6	RPS20
4.04328636845274e-33	0.311346925035902	0.666	0.599	1.35603738225168e-28	c6	SELENOT
9.09843388224116e-33	0.0935836204976521	1	0.997	3.05143275542604e-28	c6	RPS28
1.99269523684626e-32	0.276285848659762	0.697	0.633	6.68310128533498e-28	c6	SNHG8
2.18909703140674e-32	0.237452586946129	0.704	0.589	7.34179362393192e-28	c6	ID2
2.33631020473545e-32	0.556171286339466	0.332	0.259	7.83551716464174e-28	c6	IL12RB1
2.36031847288374e-32	0.29037331379947	0.594	0.504	7.9160360943575e-28	c6	ANXA2
3.72587471340405e-32	0.365614747565185	0.53	0.457	1.24958386138145e-27	c6	RGS14
1.02922840357153e-31	0.494446297674325	0.302	0.225	3.45182621989819e-27	c6	TNFSF14
2.90018734870909e-31	0.234629019742884	0.86	0.814	9.72664833010053e-27	c6	TAGAP
5.6375125219306e-31	0.466210214442058	0.352	0.273	1.89070894960508e-26	c6	SATB1
1.11040288280576e-30	0.423803218978901	0.438	0.36	3.72406918835394e-26	c6	DNAJB9
1.63746422392491e-30	0.243767021823477	0.455	0.369	5.49172751419937e-26	c6	CTSB
2.00291442852303e-30	0.101426790306941	0.999	0.994	6.71737441038055e-26	c6	RPL36
2.95815706580294e-30	0.206508753354985	0.993	0.987	9.92106716728989e-26	c6	HSPA8
4.08207176100054e-30	0.311993457966181	0.687	0.623	1.36904522720436e-25	c6	RPL22L1
1.92656197251872e-29	0.482411570603447	0.393	0.322	6.4613035434333e-25	c6	NMRK1
2.56795970420929e-29	0.402102243714362	0.475	0.405	8.61242325597713e-25	c6	GRAMD1A
3.54464904295479e-29	0.169580445482343	0.757	0.66	1.18880439602618e-24	c6	CD6
6.40297640782245e-29	0.277448303703955	0.651	0.587	2.14743022765549e-24	c6	EML4
1.41896327824352e-28	0.0800088204573965	0.999	0.997	4.75891904257311e-24	c6	FAU
3.64393682534382e-28	0.0858781816002292	1	0.996	1.22210353248381e-23	c6	RPL37
4.60696267862483e-28	0.255326222052612	0.979	0.962	1.5450831431572e-23	c6	HSP90AA1
6.16187573154532e-28	0.149573995774471	0.821	0.732	2.06656988284567e-23	c6	EMP3
6.8721470023255e-28	0.445123077318828	0.345	0.271	2.30478066163993e-23	c6	ADI1
7.1876203753822e-27	0.0967069639383666	1	0.997	2.41058412149568e-22	c6	MT-CYB
1.73457898178945e-26	0.0779411896282909	0.999	0.997	5.81743098912545e-22	c6	RPL7A
2.8802755748997e-26	0.332718187776574	0.325	0.245	9.65986822309861e-22	c6	TMIGD2
4.91473080604239e-26	0.560270047435915	0.313	0.242	1.6483024177305e-21	c6	SPRY1
6.28561565699577e-26	0.087529200646093	0.958	0.924	2.10806977904324e-21	c6	FXYD5
1.0042235393684e-25	0.296977696320518	0.66	0.599	3.36796490633373e-21	c6	ADGRE5
1.07837867116219e-25	0.39870568729177	0.44	0.373	3.61666638734374e-21	c6	LYSMD2
1.25871354958231e-25	0.338907842416435	0.528	0.467	4.22147350258914e-21	c6	RNH1
3.27098184231299e-25	0.351777018333188	0.506	0.438	1.09702189027493e-20	c6	IVNS1ABP
3.85791531272325e-25	0.283357944933181	0.525	0.447	1.29386763758112e-20	c6	TRAT1
4.21057358695593e-25	0.283449441548121	0.626	0.568	1.41214216959328e-20	c6	TMED10
1.80293434476534e-24	0.362002031625978	0.434	0.363	6.04668120547401e-20	c6	RCAN3
1.84082231612184e-24	0.351064115597516	0.511	0.45	6.17374988380941e-20	c6	CMTM6
4.63462408626471e-24	0.213221503821668	0.806	0.749	1.55436022605146e-19	c6	CKLF
5.29338950608915e-24	0.383025442323677	0.364	0.295	1.77529697255218e-19	c6	GOLGA8B
7.42469712659404e-24	0.293534390447159	0.584	0.523	2.49009492231711e-19	c6	OSTC
1.52280189131128e-23	0.0811032451775109	0.998	0.995	5.10717298307977e-19	c6	RPL15
1.9507930816536e-23	0.0916706854638987	0.996	0.987	6.54256983724983e-19	c6	MT-ND5
3.2845606245473e-23	0.0805827437390576	0.999	0.995	1.10157594226067e-18	c6	RPL23A
4.60926715540943e-23	0.0952451341126235	1	0.995	1.54585601858122e-18	c6	MT-ND3
5.84423443058456e-23	0.126864245980517	0.887	0.856	1.96003934332945e-18	c6	SSR4
8.94255938664597e-23	0.433138019595481	0.335	0.269	2.99915556709333e-18	c6	PLK3
1.11944000501455e-22	0.245052009562717	0.638	0.584	3.7543778888178e-18	c6	TRAM1
1.49053790378693e-22	0.18543627302554	0.793	0.753	4.99896602172062e-18	c6	HNRNPA0
1.58946872976036e-22	0.298069842591009	0.514	0.452	5.3307602258703e-18	c6	STAT4
2.11729503829823e-22	0.260276379480303	0.615	0.562	7.1009840994446e-18	c6	M6PR
2.65412335531971e-22	0.2529899396224	0.582	0.517	8.90139890907124e-18	c6	TRIM22
3.2503197689712e-22	0.0848928936953346	0.998	0.993	1.09009224411756e-17	c6	NACA
4.84480352945558e-22	0.611454219936879	0.324	0.269	1.62485020770881e-17	c6	NEU1
5.11621486947289e-22	0.385933217764698	0.489	0.438	1.71587614292382e-17	c6	CCNH
7.42193612164816e-22	0.0985363366235461	0.996	0.989	2.48916893647836e-17	c6	RPS29
3.13835376077678e-21	0.322510144997192	0.566	0.515	1.05254108428932e-16	c6	HNRNPUL1
6.81810369927204e-21	0.263332769729162	0.569	0.511	2.28665561866186e-16	c6	METTL9
7.39348003713999e-21	0.27696458307221	0.491	0.429	2.47962533485601e-16	c6	FKBP2
7.84166445541409e-21	0.325233496897589	0.443	0.382	2.62993742505678e-16	c6	AMD1
8.24604791597289e-21	0.181018035460283	0.798	0.751	2.76555955005899e-16	c6	SEC61B
1.14975337972756e-20	0.0622352253591449	1	0.998	3.85604288493028e-16	c6	RPS15A
1.73411810073503e-20	0.178123967548435	0.806	0.769	5.81588528624515e-16	c6	CDC37
1.87876212698151e-19	0.107221047446045	0.946	0.921	6.30099242147059e-15	c6	MIF
3.37629258076525e-19	0.080029725686261	0.999	0.996	1.13234100573705e-14	c6	MT-ATP6
1.04832900281106e-18	0.348407679524758	0.366	0.303	3.51588580962773e-14	c6	PRMT9
1.4491084835249e-18	0.23222061391261	0.789	0.74	4.8600200320458e-14	c6	TXNIP
2.01297974092782e-18	0.326707640069979	0.439	0.385	6.75113145512371e-14	c6	ARL2BP
2.46859509059215e-18	0.0840229236249432	0.988	0.981	8.27917421482795e-14	c6	PFDN5
2.52261650199679e-18	0.0817268669448596	0.998	0.991	8.46035122439684e-14	c6	MT-ND1
3.02664725871216e-18	0.190993167210532	0.639	0.584	1.01507695762688e-13	c6	RNASET2
7.81505097121922e-18	0.293433893013642	0.512	0.469	2.6210117947275e-13	c6	PPP1R11
1.08456395745712e-17	0.155878001599878	0.463	0.385	3.6374106005197e-13	c6	CD28
1.40314710944507e-17	0.265590853691403	0.555	0.51	4.70587477565689e-13	c6	SPSB3
2.88154562754656e-17	0.181635252909821	0.747	0.698	9.66412772566564e-13	c6	NDUFB2
7.01527683532955e-17	0.087019916293452	0.994	0.979	2.35278354503282e-12	c6	MYL12A
1.31848364476558e-16	0.421280267217818	0.358	0.31	4.4219304478148e-12	c6	PPP1R10
1.66223014180338e-16	0.36389899124418	0.323	0.268	5.57478744958019e-12	c6	CRTAP
4.33055880987566e-16	0.0739332314927803	0.995	0.989	1.4523828136561e-11	c6	RPL13A
7.24827237977652e-16	0.100498379870924	0.738	0.684	2.43092559072945e-11	c6	HSPA5
7.67354543936997e-16	0.12363371541327	0.998	0.994	2.5735536694559e-11	c6	H3F3B
7.69091917818799e-16	0.0901155695834035	0.998	0.993	2.57938047398069e-11	c6	RPL41
8.06486181048528e-16	0.143812023526687	0.821	0.796	2.70479335400055e-11	c6	EIF4A2
9.08365987996311e-16	0.330313673312417	0.436	0.392	3.04647785054203e-11	c6	FAM50A
9.08392297557023e-16	0.304318863079904	0.446	0.402	3.04656608754674e-11	c6	MMP24OS
9.59212264687613e-16	0.232785512388064	0.61	0.57	3.21700609330932e-11	c6	TMED2
1.54399722719221e-15	0.241460136294989	0.532	0.482	5.17825790055725e-11	c6	TGFB1
2.41855394741387e-15	0.244212817611099	0.539	0.493	8.11134622883665e-11	c6	FBL
3.38860176173167e-15	0.0581734833350849	1	0.997	1.13646925884957e-10	c6	MT-ND4L
6.51398907051277e-15	0.276580403323068	0.436	0.387	2.18466165446857e-10	c6	AC243960.1
7.70716274425161e-15	0.416802005992116	0.313	0.267	2.5848282411671e-10	c6	LPCAT4
1.69341898927681e-14	0.218852356988466	0.505	0.452	5.67938860623657e-10	c6	MGST3
3.02896004014689e-14	0.0716106600127056	0.997	0.99	1.01585261826446e-09	c6	RPL37A
3.3106399707754e-14	0.182134221779868	0.372	0.318	1.11032243339865e-09	c6	TUBA1C
3.33642580208565e-14	0.235064122411178	0.557	0.515	1.11897048550349e-09	c6	TAF7
3.66291723350996e-14	0.220284573084387	0.672	0.638	1.22846918177457e-09	c6	CYCS
4.39478502427517e-14	0.173541858826214	0.432	0.367	1.47392300144141e-09	c6	RHOC
8.1432747193063e-14	0.0515998040749972	0.985	0.962	2.73109147536095e-09	c6	MT-ND2
8.8440724247623e-14	0.184595766728655	0.503	0.447	2.96612500981678e-09	c6	GYG1
9.32022360410346e-14	0.250771095213039	0.472	0.429	3.12581659234422e-09	c6	MYDGF
3.16664567862621e-13	0.113502130762178	0.843	0.805	1.06202962769766e-08	c6	MT-ND6
4.48895830389457e-13	0.10777852446389	0.695	0.632	1.50550683596016e-08	c6	SH2D2A
4.61653079728416e-13	0.140393799658924	0.682	0.649	1.54829209879316e-08	c6	REX1BD
8.07719916206572e-13	0.367886168991249	0.315	0.272	2.7089310549736e-08	c6	NXT1
2.0149824047708e-12	0.294179703261828	0.427	0.389	6.75784798912031e-08	c6	TANK
3.55357792109606e-12	0.131231977229562	0.804	0.775	1.1917989631772e-07	c6	DAD1
4.74624224098845e-12	0.312356804229107	0.373	0.335	1.59179472278271e-07	c6	ESD
1.20852095809765e-11	0.113189199560609	0.746	0.716	4.0531375892679e-07	c6	ANKRD12
1.61127387669677e-11	0.228216177438122	0.383	0.334	5.40389032766563e-07	c6	LAIR1
2.87217886896832e-11	0.248916123492077	0.439	0.4	9.63271349074596e-07	c6	APEX1
2.98762264509652e-11	0.252153420040897	0.416	0.373	1.00198888271247e-06	c6	JMJD1C
5.43438605743977e-11	0.210305430763128	0.325	0.281	1.82258439594415e-06	c6	PHTF2
8.74311956408634e-11	0.068396786169743	0.98	0.963	2.93226743940328e-06	c6	NPM1
1.25263055831756e-10	0.174001839339695	0.444	0.395	4.20107236648545e-06	c6	INPP4B
1.36773804550564e-10	0.126896666121944	0.638	0.597	4.58711985701681e-06	c6	DHRS7
1.51446993925178e-10	0.308181696991267	0.317	0.277	5.07922928226263e-06	c6	TESPA1
1.72119656292731e-10	0.0420930493470346	0.799	0.736	5.77254903274562e-06	c6	CD96
1.88079436159653e-10	0.284778263746349	0.316	0.276	6.30780812992245e-06	c6	DPYD
1.94623444121391e-10	0.0867489446872423	0.645	0.563	6.52728106894321e-06	c6	RPS4Y1
2.92980958713296e-10	0.294786461368999	0.369	0.332	9.82599539332651e-06	c6	TRAPPC6A
3.21700577378931e-10	0.106610029059273	0.874	0.85	1.07891939641346e-05	c6	HNRNPDL
3.28887479716978e-10	0.112650289841494	0.813	0.794	1.1030228294748e-05	c6	SF1
3.62804320484011e-10	0.238242315830788	0.424	0.389	1.21677313003928e-05	c6	ESYT1
4.97562736275895e-10	0.162756586940758	0.707	0.69	1.6687259049221e-05	c6	YPEL5
8.06480064085968e-10	0.2138654677771	0.431	0.392	2.70477283893152e-05	c6	RHEB
8.48230664059529e-10	0.173711710638432	0.551	0.516	2.84479600112285e-05	c6	OXNAD1
1.4797013818833e-09	0.262253845528452	0.32	0.281	4.96262249456021e-05	c6	KCNA3
1.61397595691609e-09	0.186605030346696	0.455	0.419	5.41295256430519e-05	c6	CASP1
1.67325951768593e-09	0.248666528050945	0.574	0.55	5.61177777041506e-05	c6	DDX3X
2.00300950414513e-09	0.114461349279519	0.567	0.512	6.71769327500193e-05	c6	THEMIS
3.09962849027034e-09	0.131199189870361	0.529	0.483	0.000103955340306687	c6	C1QBP
3.57133558272746e-09	0.266940520178276	0.317	0.281	0.000119775452773514	c6	PMVK
5.06066765160723e-09	0.127310770063377	0.399	0.351	0.000169724671699603	c6	CD55
5.81787260282215e-09	0.225532798607841	0.419	0.386	0.000195119811353449	c6	DEGS1
5.95587411958486e-09	0.0669828163745794	0.973	0.958	0.000199748106222637	c6	RPS11
6.9277708346481e-09	0.264956255642311	0.334	0.299	0.000232343578252428	c6	IMPDH2
7.20704522634338e-09	0.190136838240786	0.495	0.463	0.000241709882801104	c6	SSR3
7.53972094830313e-09	0.162777194254817	0.561	0.526	0.00025286716116419	c6	CAST
7.55378470349922e-09	0.363141086354818	0.709	0.71	0.000253338831385957	c6	IER2
1.40917592699792e-08	0.0934230236926874	0.803	0.783	0.000472609422396562	c6	EIF3E
1.77632080507689e-08	0.137074839716018	0.535	0.502	0.000595742471606687	c6	XBP1
2.8717141637157e-08	0.119550075566096	0.728	0.703	0.00096311549622697	c6	SELENOK
3.85264645051204e-08	0.107354559548992	0.785	0.773	0.00129210056657273	c6	EIF4B
4.16543551653526e-08	0.0490616997887514	0.995	0.988	0.0013970037635356	c6	UBC
4.48223087961931e-08	0.1679029659663	0.533	0.502	0.00150325059240672	c6	SPN
4.95281055306528e-08	0.0485203767468665	0.999	0.995	0.00166107360328703	c6	MT-ATP8
6.32296244020628e-08	0.15092922501816	0.551	0.523	0.00212059514319638	c6	NME3
1.2591930880403e-07	0.0364770404100518	0.996	0.99	0.00422308177866957	c6	SARAF
1.86048065950604e-07	0.149422324507337	0.556	0.535	0.00623968003585134	c6	RPN2
1.99011858579544e-07	0.10561693575847	0.619	0.576	0.00667445971304076	c6	CAMK4
2.10327480930404e-07	0.239971257205474	0.322	0.291	0.00705396305544389	c6	PABPC4
2.15683472983468e-07	0.064310232112196	0.881	0.85	0.00723359231691954	c6	GPSM3
2.32418771779255e-07	0.218464076684828	0.462	0.438	0.00779486076793264	c6	SPCS3
2.37354089382153e-07	0.0930756468966427	0.748	0.719	0.00796038144969865	c6	GPX4
2.4042996412851e-07	0.24949119198701	0.348	0.322	0.00806354013694197	c6	LPIN2
2.99705656747396e-07	0.151074572533563	0.612	0.589	0.0100515283159942	c6	SEC62
3.2520043205705e-07	0.0966054168838457	0.808	0.782	0.0109065720903293	c6	EIF3L
3.93452001028213e-07	0.0350872564860643	0.999	0.997	0.0131955932104842	c6	RPS15
4.25674215868756e-07	0.0984033362157467	0.319	0.289	0.0142762618518063	c6	NPC2
4.46723040446882e-07	0.0559769043353699	0.834	0.807	0.0149821973305075	c6	SLC2A3
4.75178643609436e-07	0.195269912350184	0.369	0.339	0.0159365413493733	c6	PDIA4
5.45414552616951e-07	0.0512501458905787	0.843	0.803	0.0182921132656673	c6	LDHA
7.5820965484884e-07	0.0552829152422536	0.976	0.971	0.0254288354043204	c6	RPL36AL
9.07138872664883e-07	0.122735345696492	0.676	0.654	0.0304236235114348	c6	SEC61G
1.29226814089747e-06	0.20373234601289	0.309	0.277	0.0433400889094193	c6	SVIP
1.3132515109017e-06	0.156680549614278	0.487	0.462	0.0440438291726211	c6	C19orf70
