p_val	avg_log2FC	pct.1	pct.2	p_val_adj	cluster	gene
0	3.10796040620729	0.946	0.218	0	c12	GZMK
0	3.78566908809364	0.314	0.025	0	c12	IL10
8.21341313163933e-207	1.7294984200197	0.739	0.294	2.7546144960892e-202	c12	CTLA4
4.98631053739622e-185	2.36473658920825	0.364	0.085	1.67230882803194e-180	c12	EOMES
2.44192060533464e-164	1.53215103427171	0.847	0.566	8.1897133261713e-160	c12	CD27
2.25058236989352e-152	0.660742722590152	0.931	0.499	7.54800315214887e-148	c12	GZMA
5.27422664542524e-139	1.1540241662062	0.885	0.619	1.76887013234272e-134	c12	ITGB2
1.01745859961404e-138	0.568795887410709	1	0.999	3.41235265138556e-134	c12	HLA-A
1.05817585070957e-131	1.10644718784583	0.943	0.753	3.54891016810975e-127	c12	CST7
2.88642741365351e-108	0.888367387261917	0.967	0.897	9.68050025991114e-104	c12	CD74
9.74858192619103e-106	0.966247544983013	0.893	0.76	3.26947940640595e-101	c12	GIMAP4
9.02073388951637e-99	0.878543838889744	0.925	0.806	3.025373731866e-94	c12	GIMAP7
5.46270182862136e-94	1.60125249213203	0.516	0.248	1.83208093928303e-89	c12	PDCD1
1.2772871283333e-93	1.16496130871771	0.768	0.571	4.2837655710042e-89	c12	FCMR
2.69735360823164e-89	0.558123351176065	0.993	0.981	9.04638453128727e-85	c12	PTPRCAP
6.37302987408734e-89	0.289158157987169	1	1	2.13738675917141e-84	c12	B2M
8.31281640754097e-84	2.22765593710354	0.416	0.187	2.78795236676109e-79	c12	CD81
1.03800396621803e-83	0.922372121563331	0.885	0.759	3.48125770190203e-79	c12	CNN2
4.84023697957804e-83	1.1470197861591	0.689	0.45	1.62331867821088e-78	c12	APOBEC3G
1.6801015117456e-74	1.71292781457889	0.426	0.205	5.63472445009241e-70	c12	LYST
2.92883057040503e-71	2.26243677503391	0.325	0.134	9.82271196702439e-67	c12	HAVCR2
1.67177445534209e-68	1.60011401758744	0.425	0.206	5.60679716832631e-64	c12	F2R
8.36276989832573e-64	0.994911545043488	0.717	0.497	2.80470576850048e-59	c12	CXCR3
1.4033204803848e-63	1.464357176441	0.319	0.129	4.70645622711455e-59	c12	PLEK
1.44247253226771e-62	0.887974590174615	0.734	0.516	4.83776437871944e-58	c12	CYTOR
3.53420595796108e-62	0.409160921572105	0.999	0.997	1.18530199418099e-57	c12	PFN1
2.45967220219572e-59	0.446506999555052	0.985	0.979	8.24924863172402e-55	c12	RAC2
4.41277982914388e-57	0.749870213762115	0.823	0.705	1.47995809909828e-52	c12	CTSC
6.62483084570048e-57	1.50832599975359	0.314	0.134	2.22183576903103e-52	c12	ITGB2-AS1
9.56919066970943e-55	0.984134842737761	0.634	0.45	3.20931516680715e-50	c12	LIME1
2.32570771775754e-54	0.96360392221292	0.608	0.4	7.79995854381522e-50	c12	CD28
3.31282622436715e-54	0.841764722323663	0.839	0.696	1.11105565912825e-49	c12	RGS1
4.38252813995818e-54	0.934030104549581	0.754	0.664	1.46981228757918e-49	c12	DENND2D
9.69613963436995e-54	1.10857559376123	0.524	0.316	3.25189131057499e-49	c12	ARID5B
1.85078134563671e-53	0.405604949930529	0.999	0.999	6.20715047699639e-49	c12	HLA-C
7.08274495164415e-53	0.980130077009106	0.75	0.661	2.37541100188242e-48	c12	ISG20
7.89575227766806e-53	0.358584695802238	1	0.999	2.64807739888431e-48	c12	HLA-B
4.26226952564357e-52	0.658657188995746	0.848	0.763	1.42947995351034e-47	c12	CD44
6.90327024355249e-52	0.954712894476581	0.64	0.449	2.31521877428264e-47	c12	LITAF
1.19224160947199e-50	1.21661155292571	0.484	0.28	3.99853990984717e-46	c12	LINC00861
1.13269399556428e-49	1.24564468053599	0.383	0.193	3.79882912232347e-45	c12	SAMD3
5.30386894045631e-48	1.25177892826064	0.506	0.332	1.77881156525024e-43	c12	APOBEC3C
5.8367623403905e-47	0.983359661726867	0.536	0.333	1.95753335372017e-42	c12	MIR4435-2HG
6.96420526183144e-47	0.391691090875379	0.993	0.983	2.33565516071303e-42	c12	CORO1A
1.69712875585349e-46	0.543343666316433	0.894	0.867	5.69183042138143e-42	c12	SUB1
1.20205315114262e-45	0.523767487727449	0.907	0.843	4.03144585830211e-41	c12	PSMB9
1.8377003862114e-45	0.535830494842119	0.886	0.862	6.1632795552758e-41	c12	GMFG
8.61103565446427e-44	0.470365183610322	0.962	0.912	2.88796913779423e-39	c12	CD99
1.09120812423601e-43	0.908509830662445	0.611	0.445	3.65969380706272e-39	c12	IKZF3
8.72112524749127e-43	0.745482339670724	0.728	0.585	2.92489098550362e-38	c12	SIT1
4.77919973238682e-42	0.333924297698035	0.984	0.984	1.60284800624789e-37	c12	ATP5F1E
5.34448445754326e-42	0.908584802389314	0.623	0.433	1.79243319737086e-37	c12	CXCR6
1.98722443229476e-41	1.19043883105428	0.35	0.183	6.66475330103015e-37	c12	MAF
5.27100260222174e-39	1.66558150317801	0.55	0.412	1.76778885273313e-34	c12	LAG3
1.31068086168721e-38	0.991850422892615	0.541	0.375	4.39576147392657e-34	c12	GIMAP5
1.92468271187012e-38	0.314338041189266	0.996	0.993	6.45500087906999e-34	c12	HLA-E
2.2943164310025e-37	0.327326520485836	0.988	0.99	7.69467844629617e-33	c12	UBC
3.5435695558283e-37	0.784261697633697	0.631	0.486	1.1884423576337e-32	c12	TNFRSF1B
6.25915088790369e-37	0.828000670927803	0.617	0.482	2.09919402478514e-32	c12	OPTN
1.74218487175879e-36	1.12188291256899	0.386	0.226	5.84293962290462e-32	c12	CDC25B
2.44294614299476e-36	1.12836269626715	0.417	0.253	8.19315277437582e-32	c12	CD38
1.23423409028623e-35	1.05422975161913	0.476	0.328	4.13937429200197e-31	c12	AP3S1
4.87367930395721e-35	0.949744437515227	0.529	0.38	1.63453456496117e-30	c12	SH2D1A
3.108014358447e-34	0.673268660122058	0.757	0.654	1.04236585553596e-29	c12	RNF213
1.35614846312612e-33	0.679160371300831	0.695	0.596	4.54825071563238e-29	c12	ARL4C
1.86964809198082e-33	0.92520172278888	0.477	0.306	6.27042577088527e-29	c12	DUSP4
9.18727013165766e-33	0.79042953683661	0.365	0.201	3.08122665675534e-28	c12	GZMH
1.0013387656547e-32	0.556342493658387	0.878	0.848	3.35828995225275e-28	c12	LIMD2
3.08821288524616e-32	0.683675367219683	0.665	0.555	1.03572483745386e-27	c12	TNFRSF14
3.49462452560405e-32	0.389357277162738	0.959	0.927	1.17202717339709e-27	c12	CLIC1
6.28858615745075e-32	0.798173666092208	0.602	0.501	2.10906602548583e-27	c12	PPM1G
1.39834637101606e-30	1.02328244332506	0.373	0.224	4.68977405911367e-26	c12	RAB37
3.32199675119261e-30	0.84285122499725	0.524	0.387	1.11413127041498e-25	c12	FOXP1
3.47605705157574e-30	0.783357253428312	0.66	0.531	1.16580001395747e-25	c12	CD5
5.4923787745314e-30	0.464591330711092	0.855	0.79	1.84203399340234e-25	c12	SLC9A3R1
1.00947258028159e-29	0.355342063120751	0.949	0.914	3.38556913974841e-25	c12	HCST
1.71896859746192e-29	0.533862430675974	0.731	0.657	5.76507688216777e-25	c12	CSK
2.20635747951773e-29	0.692520936874647	0.661	0.572	7.39968171480656e-25	c12	GIMAP1
6.80033530758084e-29	0.55537239366051	0.812	0.741	2.28069645545646e-24	c12	GYPC
7.9574504840705e-29	0.725927842866408	0.505	0.357	2.66876974334756e-24	c12	BATF
1.29482133437156e-28	0.791693384088669	0.739	0.706	4.34257179121533e-24	c12	CLDND1
1.55458364716534e-28	0.938169836007431	0.459	0.315	5.21376263586311e-24	c12	C12orf75
2.08706587540761e-28	0.564718501645408	0.744	0.679	6.99960153294204e-24	c12	SHISA5
5.75906502346693e-28	0.701645466721686	0.605	0.491	1.93147522757034e-23	c12	ARPC5L
2.24811048430581e-27	0.813238421462857	0.544	0.418	7.53971294226482e-23	c12	WNK1
2.35419337540056e-27	0.224826875779364	0.994	0.996	7.89549374241839e-23	c12	CD3E
4.68049917247769e-27	0.998518831507539	0.415	0.265	1.56974581246557e-22	c12	TNFSF9
5.89574882481539e-27	0.49333672415965	0.794	0.736	1.97731624086659e-22	c12	WIPF1
8.29176306905989e-27	0.669857215279822	0.538	0.386	2.78089149810131e-22	c12	TIGIT
1.35682607120399e-26	0.512926928689925	0.787	0.704	4.55052327760395e-22	c12	HLA-F
1.95499405945058e-26	0.370272729645166	0.994	0.996	6.55665907658534e-22	c12	ACTG1
3.73318945417512e-26	0.673539678633675	0.595	0.491	1.25203707914125e-21	c12	TSPO
9.77856196387333e-26	0.38377318409607	0.883	0.847	3.27953411144384e-21	c12	CAPZB
1.19075050380696e-25	0.344193384896562	0.946	0.928	3.99353903966777e-21	c12	ARPC1B
1.84644779981238e-25	0.339009568037919	0.926	0.913	6.19261663101076e-21	c12	LCK
2.30713130838265e-25	0.382879009633862	0.929	0.893	7.73765698205372e-21	c12	RARRES3
3.84436783501834e-25	0.581150804390512	0.799	0.762	1.28932408450845e-20	c12	CSTB
5.39984014119328e-25	0.964541460460589	0.448	0.319	1.8109983865534e-20	c12	RIPOR2
5.78122288310815e-25	0.333189765039098	0.98	0.981	1.93890653053681e-20	c12	SRGN
7.50732594859423e-25	0.28758391028821	0.981	0.974	2.51780697663953e-20	c12	RPL36AL
9.38116435295982e-25	0.225087480323174	1	0.999	3.14625490069566e-20	c12	ACTB
1.9672691120949e-24	0.590319763512598	0.616	0.51	6.59782714814389e-20	c12	CARD16
2.17962308313249e-23	0.961067943238794	0.417	0.293	7.31001989620973e-19	c12	GBP4
3.60885065625153e-23	0.72972774729173	0.535	0.417	1.21033633309364e-18	c12	RNF19A
5.59183659457192e-23	0.208939745053088	1	0.999	1.87539015708753e-18	c12	TMSB4X
6.92967393929932e-23	0.648984863243276	0.607	0.479	2.32407404576221e-18	c12	GBP5
1.19835934564889e-22	1.02697859377361	0.342	0.221	4.01905757343723e-18	c12	MAD1L1
1.52255650972647e-22	0.313684711574253	0.927	0.882	5.10635002232062e-18	c12	COTL1
1.87940905943869e-22	0.881908819991579	0.415	0.291	6.30316210354548e-18	c12	CARHSP1
3.3169658260184e-22	0.588114344884897	0.602	0.491	1.11244399873005e-17	c12	GBP2
3.44863163653155e-22	0.291811024860164	0.963	0.969	1.15660207825995e-17	c12	CYBA
6.06750030745588e-22	0.514344854445324	0.701	0.647	2.03491825311455e-17	c12	RHOG
6.2548129430548e-22	0.850284099936982	0.456	0.346	2.09773916484172e-17	c12	MT1X
6.96467513719167e-22	0.724849065119209	0.605	0.533	2.33581274751134e-17	c12	DOK2
1.25124147796198e-21	0.524115834504971	0.704	0.627	4.19641366878888e-17	c12	TAP1
1.31871241942502e-21	0.426555385298322	0.766	0.731	4.42269771226763e-17	c12	ATP5IF1
1.55266275076154e-21	0.443877827315862	0.829	0.764	5.20732033350404e-17	c12	DUSP2
1.62489294584366e-21	0.80649075448272	0.439	0.32	5.44956596177046e-17	c12	PCED1B
1.661128153303e-21	0.750626266949255	0.498	0.382	5.57109160054761e-17	c12	CTSB
1.69817026804651e-21	1.04887756697786	0.323	0.209	5.69532344497439e-17	c12	HLA-DMA
2.22910333110451e-21	0.637213148104301	0.649	0.566	7.4759667518583e-17	c12	IL10RA
3.04708166806264e-21	0.308201355475593	0.927	0.928	1.02193024983485e-16	c12	ARPC3
3.16738504386256e-21	0.758896975434881	0.597	0.502	1.06227759601063e-16	c12	PIM2
3.20873639028405e-21	0.888597633527623	0.331	0.208	1.07614601057347e-16	c12	TOX
5.15654176887315e-21	0.646459190826282	0.584	0.501	1.72940097844468e-16	c12	SCAMP2
6.31782007808979e-21	0.679162677613408	0.481	0.343	2.11887049778975e-16	c12	HLA-DPB1
1.03812599680901e-20	0.484763845275681	0.723	0.667	3.48166696809807e-16	c12	GABARAPL2
1.07956910554963e-20	0.646840122582176	0.57	0.474	3.62065886619235e-16	c12	ITGAL
1.29193862359363e-20	0.325550475162805	0.883	0.868	4.33290375580831e-16	c12	UBL5
1.71788952368689e-20	0.93036653867511	0.397	0.28	5.76145788454109e-16	c12	EPSTI1
2.09407964511e-20	0.304037811942036	0.901	0.909	7.0231243137699e-16	c12	SUMO2
2.27061240489763e-20	0.829576892057225	0.429	0.313	7.61517988354566e-16	c12	PRDM1
2.48009070015649e-20	0.976733054666179	0.364	0.25	8.31772819018484e-16	c12	NELFCD
4.51540259341391e-20	0.722625383803149	0.47	0.355	1.51437572177916e-15	c12	CD82
5.43043028139725e-20	0.511252825982212	0.671	0.613	1.82125770777501e-15	c12	MAT2B
9.02682914982288e-20	0.241752742345953	0.992	0.991	3.0274179602676e-15	c12	ARHGDIB
9.6808492079234e-20	0.222541734086734	0.976	0.974	3.24676320735335e-15	c12	CD3D
1.14260494362755e-19	0.338485053550912	0.846	0.81	3.83206845993807e-15	c12	COX5B
1.2632688854337e-19	0.374224215995706	0.796	0.794	4.23675118796755e-15	c12	EIF3G
1.2849086954666e-19	0.651725715929568	0.596	0.515	4.3093267828559e-15	c12	SLFN5
1.8689778099301e-19	0.308976178354104	0.896	0.878	6.26817777894358e-15	c12	ALDOA
2.00221230102512e-19	0.518769989205657	0.75	0.671	6.71501961517804e-15	c12	CD6
2.10857677156609e-19	0.292420900033027	0.914	0.907	7.07174477647834e-15	c12	YWHAB
2.35484345932582e-19	0.578179893058486	0.63	0.556	7.89767399388695e-15	c12	SYNE2
3.69796553661537e-19	0.392777909691466	0.763	0.715	1.24022368167006e-14	c12	PSMB8
5.60655366372783e-19	0.503127470323247	0.647	0.552	1.88032596774104e-14	c12	PBXIP1
7.79608112935012e-19	1.08107708439017	0.384	0.279	2.61464968916144e-14	c12	PTMS
1.14961006641031e-18	0.814898439139776	0.312	0.198	3.85556224072689e-14	c12	ZNF831
2.95423970236201e-18	0.35121352616582	0.83	0.808	9.90792911378171e-14	c12	LAT
3.06498425895161e-18	0.936220268693676	0.333	0.228	1.02793442076719e-13	c12	SLAMF6
3.097333193208e-18	0.471135194660004	0.634	0.509	1.0387836063381e-13	c12	GPR183
4.79001381471548e-18	0.435657597673035	0.736	0.692	1.60647483317928e-13	c12	RHOH
5.70705601232365e-18	0.538456093583677	0.739	0.688	1.9140324454131e-13	c12	KIAA1551
9.9584957879448e-18	0.643347182816297	0.522	0.419	3.33988031736093e-13	c12	SLAMF1
1.1100217075285e-17	0.397552879865526	0.777	0.755	3.72279080270909e-13	c12	CD247
1.35616312838967e-17	0.484415866588777	0.749	0.722	4.54829989999327e-13	c12	AES
1.46741821949774e-17	0.263663462468938	0.918	0.932	4.92142722455153e-13	c12	HINT1
2.62067264430693e-17	0.691025856366141	0.443	0.336	8.78921191447657e-13	c12	CD4
2.87825067528597e-17	0.744936572503587	0.438	0.337	9.65307711477408e-13	c12	IQGAP2
3.75095992721385e-17	0.462061374265408	0.707	0.667	1.25799694038898e-12	c12	SH3BGRL
4.24935313074898e-17	0.942567300618003	0.369	0.267	1.42514805299059e-12	c12	CCDC167
4.94610255552022e-17	0.380988738268228	0.727	0.683	1.65882387507037e-12	c12	SEM1
6.03805422094323e-17	0.657776347844044	0.459	0.356	2.02504262461994e-12	c12	PIM3
6.07456616380007e-17	0.675578258580117	0.451	0.349	2.03728800001527e-12	c12	HSPB11
1.0974359261735e-16	0.904585867839916	0.417	0.327	3.68058060920067e-12	c12	S1PR4
1.83738020427573e-16	0.746679478163464	0.578	0.507	6.16220572909995e-12	c12	MT2A
2.06574310887054e-16	0.667503633944043	0.491	0.406	6.92808923853003e-12	c12	CMTM7
2.54441084412924e-16	0.292324377173855	0.862	0.857	8.53344508904063e-12	c12	COX6B1
2.67821936752776e-16	0.620104313180916	0.541	0.46	8.9822121148146e-12	c12	BTN3A2
2.80228094921813e-16	0.509068073337847	0.63	0.568	9.39828984748776e-12	c12	ZNF706
3.10651322866106e-16	0.941518610820383	0.313	0.216	1.04186240662835e-11	c12	RNF214
4.24419371430834e-16	0.192617998685547	1	0.995	1.42341768790473e-11	c12	TMSB10
4.29659227762979e-16	0.632597190620775	0.588	0.523	1.44099111807148e-11	c12	ANXA2
4.84159135340515e-16	0.550168010227631	0.607	0.518	1.62377290810502e-11	c12	TENT5C
5.32953489766618e-16	0.284805318058349	0.859	0.857	1.78741941397928e-11	c12	TRIR
5.4468173496365e-16	0.385557475202833	0.768	0.732	1.82675360272109e-11	c12	TRAF3IP3
5.60992221051685e-16	0.460797430324546	0.701	0.653	1.88145571096314e-11	c12	LBH
1.07979382873636e-15	0.36486680619704	0.774	0.749	3.62141254281601e-11	c12	UQCR10
1.2473768872298e-15	0.399776846076607	0.79	0.747	4.1834526043913e-11	c12	EMP3
1.59506296706361e-15	0.828443413599119	0.378	0.283	5.34952217893792e-11	c12	DGKZ
1.61571217463811e-15	0.290125778166322	0.873	0.903	5.41877549130131e-11	c12	TMBIM6
1.76950823199333e-15	0.901595161865747	0.307	0.212	5.93457670845923e-11	c12	GPR137B
1.93445024953112e-15	0.645439902425866	0.524	0.432	6.48775924687748e-11	c12	FLNA
2.6563374526085e-15	0.453608609028121	0.695	0.647	8.90882454855838e-11	c12	SASH3
3.54504537523754e-15	0.645300019933553	0.448	0.353	1.18893731794717e-10	c12	SFT2D1
3.92040708801382e-15	0.489953459652667	0.395	0.277	1.31482612917808e-10	c12	KLF2
4.30716484451669e-15	0.365795299140693	0.852	0.835	1.44453694555401e-10	c12	C12orf57
4.35797255053712e-15	0.371325676156956	0.801	0.795	1.46157683399914e-10	c12	SEPT9
5.07592217055984e-15	0.652164822122855	0.512	0.438	1.70236277756236e-10	c12	CASP1
5.25738560056436e-15	0.270832738621725	0.874	0.873	1.76322198271727e-10	c12	GABARAP
8.52965461962776e-15	0.42644854586901	0.675	0.637	2.86067556633076e-10	c12	PSMB3
1.29712367529568e-14	0.67550564451075	0.458	0.375	4.35029338220664e-10	c12	PYHIN1
1.57882008486791e-14	0.592007598392687	0.497	0.415	5.29504680062998e-10	c12	C11orf98
2.14488160100965e-14	0.476951991850072	0.7	0.66	7.19350391346616e-10	c12	SAT1
2.23634391717151e-14	0.575152311336008	0.582	0.524	7.50025022940981e-10	c12	CASP4
2.58006496529766e-14	0.473215391259894	0.637	0.581	8.65302188061529e-10	c12	AIP
3.83944937259777e-14	0.282684456566515	0.948	0.936	1.28767453058184e-09	c12	CD2
4.56083366349931e-14	0.212890637179986	0.985	0.982	1.5296123940644e-09	c12	MYL6
4.84641139994077e-14	1.17580862951259	0.319	0.221	1.62538945531214e-09	c12	FABP5
7.0587836135506e-14	0.366064667331551	0.708	0.669	2.3673748483126e-09	c12	DBI
7.37862475487374e-14	0.760952137615771	0.357	0.267	2.47464317028956e-09	c12	GLRX
9.10145669356275e-14	0.514511760090609	0.592	0.526	3.05244654588708e-09	c12	SMCHD1
9.42971078340619e-14	0.4287167503212	0.665	0.62	3.16253640253877e-09	c12	TECR
1.09312706923936e-13	0.303611571455452	0.781	0.789	3.66612956481497e-09	c12	RNASEK
1.14431005867697e-13	0.652979186048488	0.469	0.398	3.83778707479084e-09	c12	HNRNPLL
1.41130754485026e-13	0.201783174187049	0.966	0.968	4.73324324391879e-09	c12	TMA7
1.4173688770335e-13	0.330047281736157	0.898	0.863	4.75357173979494e-09	c12	DNAJB1
1.49921728989618e-13	0.172645916068944	0.989	0.989	5.02807494685381e-09	c12	CFL1
2.04676744392374e-13	0.359697927566174	0.742	0.731	6.86444865343143e-09	c12	UBXN1
2.53793266655473e-13	0.768983788856453	0.37	0.283	8.51171857709127e-09	c12	RBM38
2.70145263899635e-13	0.213073265696094	0.989	0.983	9.06013186066594e-09	c12	MYL12A
3.27223052362873e-13	0.341085963974543	0.756	0.718	1.0974406730146e-08	c12	PPP1R18
3.97328334922878e-13	0.243640231532932	0.945	0.93	1.33255976966435e-08	c12	CD37
5.58634675294557e-13	0.394388753610525	0.743	0.715	1.87354897400288e-08	c12	ARHGEF1
8.76351846697211e-13	0.347886284707315	0.759	0.727	2.93910882345311e-08	c12	PSMB10
1.07451062922268e-12	0.495088838442394	0.575	0.52	3.60369374828702e-08	c12	GRK6
1.08719379458901e-12	0.3376034549463	0.746	0.721	3.64623054829263e-08	c12	TBC1D10C
1.14313453728291e-12	0.37229886133569	0.698	0.681	3.83384461113943e-08	c12	EID1
1.23242296960765e-12	0.625896110806117	0.423	0.345	4.13330015547015e-08	c12	DECR1
1.2365210344504e-12	0.188890633283632	0.974	0.979	4.14704424533974e-08	c12	IL32
1.32198501475915e-12	0.309184239910575	0.815	0.798	4.43367334249925e-08	c12	PPP1CA
1.68119823906024e-12	0.449630915717708	0.39	0.289	5.63840265416022e-08	c12	PTTG1
2.36503554838173e-12	0.77628096682484	0.338	0.252	7.93185622216264e-08	c12	RAB29
2.48059270643392e-12	0.641165257705938	0.417	0.332	8.31941181883809e-08	c12	CEMIP2
3.57162049427926e-12	0.53328688869144	0.49	0.415	1.19785008137138e-07	c12	VAMP5
3.66618011175127e-12	0.535686905901113	0.534	0.479	1.22956348587914e-07	c12	ELOVL5
3.74506825354839e-12	0.325909384455847	0.741	0.704	1.25602099087506e-07	c12	WDR1
6.62591005682161e-12	0.453074877650079	0.647	0.624	2.22219771485683e-07	c12	ETS1
8.18734159466213e-12	0.740709266283323	0.356	0.27	2.74587062401778e-07	c12	BCL3
8.30134793612811e-12	0.310652861869227	0.777	0.751	2.78410607081864e-07	c12	ICAM3
1.06315151395402e-11	0.481627310841266	0.588	0.534	3.565597547499e-07	c12	TRIM22
1.35048586482506e-11	0.629354004304211	0.496	0.439	4.52925949345029e-07	c12	RABGAP1L
1.43291822783906e-11	0.423263634015908	0.598	0.543	4.80572115252663e-07	c12	LSM8
1.65588111661845e-11	0.481405338582159	0.509	0.436	5.55349408891495e-07	c12	MVP
1.92547380281961e-11	0.379280659440901	0.667	0.631	6.4576540398964e-07	c12	CSNK2B
2.25164402729264e-11	0.210658672067427	0.947	0.949	7.55156373873405e-07	c12	ARPC2
2.38280242697825e-11	0.395836898197792	0.717	0.702	7.99144277959967e-07	c12	IL16
2.43036494282566e-11	0.152509250299386	0.987	0.979	8.1509579452487e-07	c12	PTPRC
2.76599683004022e-11	0.30103338421451	0.742	0.718	9.27660016858888e-07	c12	ATP5MF
3.13304925283637e-11	0.273624639609376	0.794	0.811	1.05076205841626e-06	c12	COX7A2
3.26152297973338e-11	0.319840701440486	0.726	0.701	1.09384957694298e-06	c12	C9orf16
3.47464264300695e-11	0.40657951608676	0.743	0.698	1.16532564961167e-06	c12	IRF1
7.11650846904094e-11	0.414151994177619	0.549	0.486	2.38673461034695e-06	c12	CDC42SE1
1.06104470014075e-10	0.539170565655561	0.465	0.398	3.55853171533203e-06	c12	ARAP2
1.07523260711543e-10	0.696236615019442	0.363	0.282	3.60611511774373e-06	c12	TPP1
1.14399155189164e-10	0.380602214244105	0.648	0.612	3.83671886673417e-06	c12	CLEC2D
1.30804699597473e-10	0.31239857756803	0.76	0.77	4.38692801510005e-06	c12	HIGD2A
1.48138809465071e-10	0.569777801475944	0.491	0.425	4.96827939183955e-06	c12	CHST12
1.54304023459146e-10	0.421302606709762	0.525	0.45	5.17504833877283e-06	c12	YPEL3
1.83510951168022e-10	0.665274929927795	0.444	0.373	6.15459028027313e-06	c12	GBP1
2.09643608535118e-10	0.374575223567469	0.687	0.691	7.0310273430508e-06	c12	TERF2IP
2.23815936376137e-10	0.459391264047578	0.564	0.503	7.50633887418289e-06	c12	CORO1B
2.39207133899921e-10	0.313183737054961	0.742	0.725	8.02252885673554e-06	c12	ANXA11
2.42235103786238e-10	0.134831480444281	0.982	0.987	8.12408091078284e-06	c12	SERF2
2.45775060294343e-10	0.332189209729642	0.68	0.649	8.24280397215166e-06	c12	PRDX1
2.58433055340047e-10	0.550179699767217	0.422	0.346	8.66732780999448e-06	c12	CCM2
3.11720856681487e-10	0.276746734196119	0.771	0.757	1.04544940913837e-05	c12	PARK7
3.26002721718111e-10	0.310867526323599	0.746	0.73	1.0933479280982e-05	c12	FKBP1A
3.4854058473032e-10	0.388770501829135	0.58	0.528	1.16893541306855e-05	c12	JPT1
4.40172938962205e-10	0.607400999423074	0.363	0.289	1.47625200269144e-05	c12	SYNE1
4.56640342856403e-10	0.138488160163817	0.961	0.966	1.53148038187181e-05	c12	LAPTM5
4.8751720303176e-10	0.437695161734968	0.584	0.563	1.63503519552792e-05	c12	BIN1
5.01937775652518e-10	0.371283655680602	0.547	0.472	1.68339891198342e-05	c12	LIMS1
5.33270349549775e-10	0.373431503003657	0.637	0.609	1.78848209832004e-05	c12	PSMA5
5.84709689030436e-10	0.383233729675107	0.662	0.611	1.96099935507028e-05	c12	UBE2L6
5.98783211837557e-10	0.39590975524563	0.647	0.622	2.0081991358608e-05	c12	ATP5MPL
6.39112240557193e-10	0.195317224359605	0.956	0.94	2.14345463238071e-05	c12	PSME1
9.90169828199924e-10	0.277705402392106	0.781	0.791	3.32083156981691e-05	c12	CD53
9.9405669396131e-10	0.385279196782838	0.618	0.595	3.33386734020744e-05	c12	DYNLRB1
9.97212869439304e-10	0.699135721071549	0.358	0.29	3.34445252152554e-05	c12	HACD4
1.01496661464744e-09	0.345974730233129	0.668	0.643	3.4039950322046e-05	c12	CHURC1
1.01711662911504e-09	0.724734714527744	0.3	0.225	3.41120575072602e-05	c12	OGDH
1.14779590060254e-09	0.228836500681615	0.82	0.797	3.8494778914408e-05	c12	PSME2
1.18820468082932e-09	0.430254348904175	0.62	0.589	3.98500085856536e-05	c12	FMNL1
1.23750297719032e-09	0.273418063126138	0.757	0.757	4.15033748490088e-05	c12	NDUFA1
1.66466085264145e-09	0.178853670413266	0.936	0.955	5.5829395675889e-05	c12	ATP5MC2
1.67947137654021e-09	0.345337310381666	0.697	0.673	5.63261110264054e-05	c12	PPP1R2
2.04589489783503e-09	0.690810715482684	0.337	0.268	6.86152230835913e-05	c12	RASGRP1
2.38346276246422e-09	0.618196904162065	0.36	0.291	7.9936574127525e-05	c12	SIPA1
2.51516224489376e-09	0.444492297886092	0.509	0.451	8.43535113692468e-05	c12	RBCK1
3.49800623572383e-09	0.30375038568506	0.722	0.692	0.000117316133133706	c12	EZR
3.54257238881274e-09	0.223604167604072	0.815	0.793	0.000118810792776002	c12	COX8A
3.57263636258198e-09	0.48426761757358	0.409	0.333	0.000119819078328274	c12	ACP5
3.65831146568198e-09	0.349112052612357	0.708	0.682	0.000122692449936042	c12	DYNLL1
4.162822818684e-09	0.381699552438998	0.559	0.522	0.000139612751693024	c12	TWF2
5.27448892183585e-09	0.562408350852933	0.433	0.378	0.000176895809460531	c12	ZBTB38
6.06906596133882e-09	0.667036754685959	0.318	0.249	0.000203544334211381	c12	CNTRL
6.17635277078013e-09	0.662691603559814	0.311	0.24	0.000207142519226424	c12	ELMO1
7.15546090273496e-09	0.160866013569755	0.923	0.932	0.000239979847755925	c12	SRP14
8.70758473258707e-09	0.35712319590595	0.489	0.406	0.000292034976761505	c12	HLA-DPA1
8.89344908813035e-09	0.58070622325153	0.343	0.275	0.000298268495517716	c12	MAP2K3
9.09521992989703e-09	0.265110523991953	0.777	0.766	0.000305035486008887	c12	ACAP1
9.15504526256394e-09	0.888616679148755	0.302	0.244	0.000307041908015869	c12	POP4
9.77382531471234e-09	0.378026436051391	0.662	0.651	0.000327794553404822	c12	LAMTOR4
1.06734475738071e-08	0.186225885743892	0.942	0.937	0.000357966084730343	c12	MYL12B
1.21939265506737e-08	0.644798745967027	0.373	0.312	0.000408959908656495	c12	NFATC3
1.21961573193092e-08	0.523644513391278	0.442	0.377	0.000409034724174991	c12	DNPH1
1.41015730059752e-08	0.201911864973599	0.823	0.811	0.000472938555474397	c12	PSMA7
1.48785357293891e-08	0.449094246465882	0.591	0.559	0.000498996331292251	c12	ITGA4
1.63009539923398e-08	0.495262213730951	0.516	0.464	0.000546701394995092	c12	CFLAR
1.96385582874544e-08	0.534579486625758	0.426	0.365	0.000658637967844646	c12	CTSS
2.21398210757091e-08	0.191098473678156	0.896	0.909	0.000742525319237132	c12	UQCRB
2.28745489944868e-08	0.380202541097921	0.548	0.504	0.000767166624177099	c12	CLTA
2.48848566244414e-08	0.290524778556298	0.633	0.599	0.000834588321470517	c12	RNASET2
2.64146904383959e-08	0.484297819917784	0.468	0.424	0.000885895887922923	c12	NRBP1
2.69078408569091e-08	0.291379625627291	0.747	0.738	0.000902435166659016	c12	PGAM1
2.71658112943804e-08	0.300992620323466	0.633	0.612	0.000911086979190931	c12	FAM96B
3.65330459216289e-08	0.22802434842886	0.839	0.853	0.00122524529411959	c12	SEPT1
3.82777742372691e-08	0.595459329476126	0.426	0.376	0.00128375999236953	c12	RNASEH2B
4.22624808067477e-08	0.300623944529641	0.651	0.634	0.0014173990812967	c12	VCP
4.37568123397227e-08	0.377956801227328	0.63	0.61	0.00146751597224962	c12	SIGIRR
4.82484219777647e-08	0.253817500678983	0.744	0.738	0.00161815557629027	c12	TRAPPC1
5.51681108277565e-08	0.435577093798914	0.565	0.524	0.0018502281009413	c12	TC2N
5.6337238398645e-08	0.256250627871338	0.729	0.726	0.00188943830141376	c12	C4orf3
5.8857519768911e-08	0.472813124444991	0.471	0.419	0.00197396349800974	c12	CAPN2
6.47335349051733e-08	0.48082992488907	0.471	0.421	0.0021710332936497	c12	DNAJB6
6.87097438967481e-08	0.309730983505605	0.637	0.625	0.00230438739080914	c12	NOP10
7.29375650674776e-08	0.279994988802809	0.729	0.74	0.00244618005723306	c12	TMEM258
7.76658160902326e-08	0.507685025762756	0.419	0.367	0.00260475614003422	c12	NDUFS2
7.81142530804222e-08	0.175806312012319	0.892	0.901	0.0026197958198112	c12	DAZAP2
7.81394602219782e-08	0.281112445392905	0.701	0.691	0.00262064121692471	c12	WAS
8.16888502309616e-08	0.425419783154792	0.53	0.485	0.00273968065904599	c12	NDUFC1
8.75147463369332e-08	0.333440941295736	0.628	0.605	0.00293506956264807	c12	RAC1
9.27682758722318e-08	0.540975618656359	0.404	0.346	0.00311126243620291	c12	ARID5A
9.49561523211096e-08	0.311550517082519	0.735	0.739	0.00318463943654537	c12	TAPBP
9.9332221009666e-08	0.378581413336571	0.559	0.524	0.00333140402822218	c12	SYNRG
1.27470817593324e-07	0.621257683094822	0.319	0.258	0.00427511628044491	c12	HDDC2
1.3501187038753e-07	0.3035010962754	0.695	0.708	0.00452802810905697	c12	CUTA
1.53969010272438e-07	0.382727585576893	0.482	0.432	0.00516381266651704	c12	IL27RA
2.15321983306217e-07	0.424504337847453	0.477	0.422	0.0072214686761239	c12	GIMAP2
2.19566274259024e-07	0.311164665379163	0.585	0.568	0.00736381370609916	c12	PPP4C
2.41431394658182e-07	0.315949651130586	0.617	0.595	0.00809712611404612	c12	FAM49B
2.48135179332944e-07	0.565858287143052	0.35	0.291	0.00832195764446826	c12	FAS
2.48833302986322e-07	0.400608476520585	0.605	0.572	0.00834537131555526	c12	CACYBP
2.5675089318042e-07	0.611396593107628	0.342	0.284	0.00861091145548494	c12	B4GALT3
3.19225304448367e-07	0.492251773100809	0.364	0.305	0.0107061782605893	c12	PRKCQ
3.69601465215895e-07	0.350262256085075	0.658	0.65	0.0123956939404107	c12	RPS27L
3.78747111846748e-07	0.597675223696972	0.397	0.354	0.0127024206371162	c12	DNAJC1
4.22924299036088e-07	0.36849347090499	0.6	0.596	0.0141840351410723	c12	RCSD1
4.59438027172433e-07	0.466147764131544	0.356	0.295	0.0154086325553091	c12	B3GNT2
4.96014397331301e-07	0.385699148780625	0.548	0.532	0.0166353308576972	c12	SRSF9
5.41167256792344e-07	0.149900785732519	0.954	0.965	0.0181496674583016	c12	OAZ1
5.44028183188008e-07	0.485357291053182	0.404	0.35	0.0182456172077594	c12	NT5C
5.58541917613443e-07	0.19292905184561	0.869	0.887	0.0187323788329197	c12	SNRPD2
6.60617373647998e-07	0.51837055770054	0.346	0.288	0.0221557854774066	c12	FOXN3
6.98994883505076e-07	0.25681541254495	0.72	0.73	0.0234428904029933	c12	FKBP8
8.17631257068007e-07	0.48039681538487	0.431	0.389	0.0274217170995468	c12	CNIH1
8.88586196719878e-07	0.144962481917082	0.984	0.991	0.0298014038655913	c12	EEF1D
9.36146846921885e-07	0.597908516671228	0.3	0.241	0.0313964929520662	c12	YARS
9.66015945873559e-07	0.315975650400092	0.587	0.53	0.0323982427927074	c12	STAT1
9.99779322680054e-07	0.259251269701835	0.796	0.786	0.0335305989240436	c12	LY6E
1.00079726311479e-06	0.466925024785424	0.456	0.415	0.0335647386103439	c12	IGBP1
1.03537900373384e-06	0.550571513310912	0.389	0.342	0.0347245410272255	c12	ATP6V0E2
1.15678213215086e-06	0.557786079072723	0.331	0.277	0.0387961591480755	c12	CHCHD5
1.23955291126684e-06	0.351585724793974	0.563	0.534	0.0415721255380671	c12	PPP1CC
1.26727328745822e-06	0.312125590526648	0.612	0.618	0.0425018115147738	c12	NDUFB9
1.28034099574189e-06	0.155311938114499	0.882	0.907	0.0429400763151915	c12	EIF3K
1.31869413221913e-06	0.471590851645783	0.415	0.367	0.0442263638063651	c12	PARVG
