p_val	avg_log2FC	pct.1	pct.2	p_val_adj	cluster	gene
0	1.72886827467456	0.726	0.27	0	c1	CD40LG
0	1.36389179465895	0.973	0.59	0	c1	IL7R
0	1.22517312176543	0.766	0.429	0	c1	GPR183
0	0.912294803048384	0.864	0.527	0	c1	KLRB1
0	1.35717439880865	0.978	0.646	0	c1	ANXA1
0	1.17101967744913	0.553	0.263	0	c1	CD4
0	0.952262240200476	0.743	0.512	0	c1	AHNAK
0	1.20764155929974	0.889	0.668	0	c1	FOSB
0	1.20149138250142	0.461	0.243	0	c1	TIMP1
0	1.02169996107221	0.501	0.296	0	c1	PTGER2
0	0.786041488152798	0.588	0.387	0	c1	LGALS3
0	0.562836759340468	0.727	0.528	0	c1	RPS4Y1
0	1.68996172548277	0.342	0.152	0	c1	AC020571.1
0	1.15498013085047	0.344	0.17	0	c1	PLAC8
0	0.833488076873428	0.902	0.734	0	c1	S100A11
0	0.582208856192452	0.867	0.705	0	c1	EMP3
0	0.697344901003965	0.834	0.701	0	c1	PTGER4
0	1.33168644771589	0.992	0.864	0	c1	FOS
0	0.545310309436233	0.986	0.86	0	c1	S100A4
0	0.603325214355655	0.859	0.735	0	c1	CXCR4
0	0.562616819748103	0.837	0.72	0	c1	TXNIP
0	0.469361838043427	0.918	0.817	0	c1	S100A10
0	0.658704090029942	0.966	0.867	0	c1	IFITM2
0	0.598389814613852	0.934	0.848	0	c1	RPL36A
0	0.64950571961256	0.995	0.921	0	c1	VIM
0	0.73159223615977	0.936	0.863	0	c1	TSC22D3
0	0.647377903174283	0.943	0.871	0	c1	TNFAIP3
0	0.578445494117439	0.959	0.905	0	c1	KLF6
0	0.754989662445134	0.992	0.941	0	c1	DUSP1
0	0.34268664288639	0.963	0.917	0	c1	FXYD5
0	0.393777155677203	0.986	0.958	0	c1	MT-ND2
0	0.425523702729731	0.976	0.952	0	c1	TOMM7
0	0.463985193110292	0.994	0.973	0	c1	EEF1B2
0	0.474469998868446	0.987	0.967	0	c1	RPL38
0	0.382306762571584	0.988	0.969	0	c1	ITM2B
0	0.545966913197855	0.972	0.955	0	c1	JUNB
0	0.386835171003562	0.997	0.988	0	c1	RPL35
0	0.399578192680216	0.998	0.99	0	c1	RPL9
0	0.459152870527594	0.996	0.988	0	c1	RPS29
0	0.258825510137363	0.997	0.99	0	c1	RPL10A
0	0.272752718065822	0.998	0.991	0	c1	RPL21
0	0.256375060001055	0.997	0.99	0	c1	RPS5
0	0.44288730290909	0.999	0.993	0	c1	RPS21
0	0.276385889606089	0.998	0.993	0	c1	RPL5
0	0.376961553753102	1	0.995	0	c1	RPLP0
0	0.309809342714022	0.999	0.994	0	c1	RPL36
0	0.325832267083701	0.999	0.994	0	c1	RPL3
0	0.347680642880922	0.999	0.994	0	c1	MT-ND3
0	0.269659886987743	0.996	0.992	0	c1	RPSA
0	0.26209355844442	0.999	0.995	0	c1	RPL14
0	0.317207793989917	0.999	0.995	0	c1	RPL35A
0	0.445231132623117	1	0.996	0	c1	RPL34
0	0.304941759878908	1	0.996	0	c1	RPS3A
0	0.410368062660365	1	0.996	0	c1	RPS14
0	0.26153946772378	1	0.996	0	c1	RPS18
0	0.429690535915984	1	0.996	0	c1	RPL39
0	0.212725580391317	0.999	0.995	0	c1	RPS6
0	0.216863115327516	0.999	0.995	0	c1	RPL12
0	0.285416109798571	0.999	0.995	0	c1	RPLP2
0	0.265976658480827	1	0.996	0	c1	RPS13
0	0.38755112086882	0.999	0.995	0	c1	RPS25
0	0.378398781818185	0.997	0.993	0	c1	RPL41
0	0.219931935344704	0.998	0.994	0	c1	RPL23A
0	0.249611987303529	0.998	0.994	0	c1	RPL17
0	0.296807941832347	1	0.997	0	c1	RPL11
0	0.382790328148402	1	0.997	0	c1	RPS27A
0	0.409933398626167	1	0.997	0	c1	RPL32
0	0.272554304246349	0.999	0.996	0	c1	RPL37
0	0.308851950687224	1	0.997	0	c1	RPS12
0	0.35564787087442	1	0.997	0	c1	RPL30
0	0.227564029560177	0.999	0.996	0	c1	RPL8
0	0.43170532704067	0.999	0.996	0	c1	FTH1
0	0.210993115785271	0.999	0.996	0	c1	FAU
0	0.346519514010412	1	0.997	0	c1	RPS3
0	0.218946349774543	0.999	0.996	0	c1	RPS24
0	0.411960303299344	1	0.997	0	c1	TPT1
0	0.234600870559599	1	0.997	0	c1	RPL19
0	0.337138140753449	1	0.997	0	c1	RPS28
0	0.263766486302498	1	0.997	0	c1	RPS19
0	0.202439728081904	1	0.998	0	c1	RPS8
0	0.291104515998939	1	0.998	0	c1	RPS27
0	0.306670423518209	0.999	0.997	0	c1	RPS23
0	0.410136715300251	1	0.998	0	c1	RPLP1
0	0.217130784793195	0.999	0.997	0	c1	RPL18
0	0.281868424329187	0.999	0.997	0	c1	MT-CYB
0	0.374686272498687	1	0.999	0	c1	EEF1A1
0	0.4035968572706	1	0.999	0	c1	RPL10
9.18175546554952e-306	0.231916173723463	0.997	0.99	3.079377148036e-301	c1	RPL22
3.26155736450974e-304	0.208704983179624	0.998	0.994	1.09386110890928e-299	c1	RPS16
7.92623085495538e-303	1.36380410144307	0.402	0.236	2.65829930413494e-298	c1	TNF
1.30548201728893e-298	0.275059573757756	0.981	0.963	4.37832558958363e-294	c1	EEF1G
1.30526279144949e-293	0.49712353162248	0.873	0.79	4.37759034996329e-289	c1	PPP1R15A
3.07067966873555e-290	0.789909812966622	0.742	0.619	1.02984454730053e-285	c1	RGCC
1.93276462850631e-289	0.451596706297417	0.984	0.962	6.48210601108445e-285	c1	ZFP36L2
5.94068326953953e-289	0.160277111153856	1	0.998	1.99238635493817e-284	c1	RPL13
4.51742195425091e-287	0.257439855165482	0.99	0.979	1.51505297501667e-282	c1	RPL27
1.77332645264016e-284	0.267598059455499	0.992	0.978	5.94738225686455e-280	c1	MYL12A
3.27529363233973e-281	1.00600155204137	0.406	0.257	1.0984679784141e-276	c1	IFNGR1
1.15444542563949e-278	0.544341803038544	0.955	0.925	3.87177906850973e-274	c1	ZFP36
1.5800220963532e-274	0.274891854419915	0.996	0.99	5.29907810674937e-270	c1	MT-ND1
1.35438532176778e-272	1.50614589800529	0.404	0.264	4.54233749214478e-268	c1	EGR1
1.11720840232412e-270	0.15811507762381	1	0.997	3.74689353971464e-266	c1	RPS15A
1.35285114981221e-269	0.677160300931266	0.689	0.557	4.53719218624019e-265	c1	MYADM
6.54577244529468e-256	0.30169486169307	0.963	0.945	2.19532116270293e-251	c1	RPL27A
3.97276379034006e-247	0.476271037205371	0.974	0.954	1.33238552000425e-242	c1	CD69
7.36357126050915e-242	0.559158396679641	0.712	0.608	2.46959452934956e-237	c1	CSRNP1
9.29484264475732e-238	0.161671784661052	0.999	0.997	3.11730432619871e-233	c1	RPL7A
3.75116523705419e-234	0.992524398831808	0.331	0.196	1.25806579720323e-229	c1	SORL1
7.53674117370585e-231	0.723271647068372	0.508	0.371	2.52767225483747e-226	c1	INPP4B
7.1441162744888e-230	0.159671142925487	0.999	0.996	2.39599371613805e-225	c1	RPL29
9.92762743697009e-229	0.854851648052443	0.417	0.281	3.32952768981103e-224	c1	DYNLT3
3.16223001889002e-227	0.348841039496164	0.978	0.969	1.06054870373533e-222	c1	RPS26
6.60395240464678e-221	0.813564131039933	0.845	0.814	2.21483355747044e-216	c1	JUN
1.49296100825906e-219	0.153227153174117	0.999	0.996	5.00709262949925e-215	c1	RPL26
2.4871049497685e-216	0.309551065564704	0.997	0.993	8.3412525805336e-212	c1	H3F3B
3.15871884065509e-215	0.209837132303043	0.995	0.989	1.0593711247789e-210	c1	RPL37A
1.01035019278191e-213	0.27056289958919	0.986	0.944	3.38851247655198e-209	c1	IFITM1
4.7739235924648e-212	0.176331979364094	0.999	0.997	1.60107849444085e-207	c1	MT-ND4L
2.86266686540731e-205	0.584628371740342	0.6	0.484	9.60081213320302e-201	c1	PLP2
9.54594997746411e-204	0.689181941497078	0.451	0.317	3.20152070344191e-199	c1	ICAM2
2.09017649963284e-203	0.341031649370938	0.899	0.86	7.01003394446863e-199	c1	CD48
1.08252883522184e-202	0.210325728357895	0.995	0.989	3.630585207567e-198	c1	SARAF
2.35479686397004e-199	0.16370530347859	0.998	0.996	7.89751772238272e-195	c1	RPL6
5.34028950335962e-199	0.246744771159848	0.984	0.967	1.79102629363675e-194	c1	CALM1
3.4056571440576e-197	0.633465360825079	0.574	0.456	1.14218929297404e-192	c1	AC020916.1
2.5888749559047e-196	0.270895398859044	0.957	0.914	8.68256882711317e-192	c1	MIF
4.38316619820764e-193	0.641619827647809	0.771	0.692	1.47002627955488e-188	c1	NFKBIA
4.83628703385484e-189	0.801817950473148	0.528	0.407	1.62199394541423e-184	c1	PHLDA1
3.60196752223136e-181	0.425773530653157	0.756	0.668	1.20802786760595e-176	c1	SAMSN1
4.60972859593376e-176	0.127933200277459	1	0.998	1.54601077650426e-171	c1	RPL28
3.52665520260602e-173	0.623298709291847	0.52	0.41	1.18276962185001e-168	c1	NCF1
7.75778947866645e-172	0.869991338585466	0.339	0.227	2.60180743535515e-167	c1	PERP
8.35963792468086e-166	0.336707246868639	0.838	0.801	2.80365536717947e-161	c1	RPS10
1.62948412045252e-160	0.201698754982331	0.981	0.959	5.46496384317368e-156	c1	MT-ND4
4.40629866127404e-160	0.31912605775543	0.92	0.875	1.47778444501809e-155	c1	TAGLN2
5.54903711575175e-160	0.572844583562911	0.614	0.529	1.86103606788082e-155	c1	TTC39C
6.17955974891221e-160	0.707094190441526	0.62	0.526	2.07250074859018e-155	c1	NR4A1
8.5227600928673e-160	0.746251912703173	0.409	0.299	2.85836327994583e-155	c1	ERN1
1.11519048341386e-159	0.530387287903314	0.652	0.589	3.74012584327342e-155	c1	ARHGAP15
7.52902720531444e-158	0.539033678393953	0.52	0.398	2.52508514411836e-153	c1	LGALS1
8.85998681199054e-154	0.465256597067978	0.504	0.371	2.97146237700539e-149	c1	CAPG
2.03930056125139e-152	0.361662039895996	0.853	0.798	6.83940622232492e-148	c1	SLC2A3
1.2673282096209e-151	0.131280394106269	0.999	0.997	4.25036534942656e-147	c1	RPS2
1.04302811240596e-147	0.767887653336734	0.314	0.207	3.4981076833871e-143	c1	SESN1
1.33081881416768e-144	0.236143474858275	0.94	0.883	4.46330013895556e-140	c1	S100A6
4.92081896511805e-143	0.171156852632005	0.999	0.996	1.65034426452129e-138	c1	MT-ATP6
1.0144368465595e-141	0.145038556785068	0.994	0.989	3.40221829599127e-137	c1	RPS9
5.85341287340525e-134	0.443861203143631	0.591	0.493	1.96311760948265e-129	c1	TC2N
1.29416448443909e-132	0.599680127208442	0.458	0.361	4.34036884791183e-128	c1	CDC42EP3
2.83743673522526e-132	0.722129019652252	0.379	0.28	9.51619532259848e-128	c1	ARL4A
1.00474374151821e-131	0.146210186086473	0.997	0.991	3.36970956030376e-127	c1	UBA52
2.23202638416418e-129	0.168398037423318	0.994	0.986	7.48577008720983e-125	c1	MT-ND5
3.95503992531301e-127	0.172863099927418	0.987	0.98	1.32644129015148e-122	c1	PFDN5
1.18646367888994e-123	0.183771357238969	0.982	0.969	3.9791618862611e-119	c1	RPL31
6.69211970349088e-118	0.238457650090278	0.906	0.889	2.24440310615677e-113	c1	RPS20
9.87739876421189e-118	0.398148564200768	0.633	0.556	3.31268199754138e-113	c1	FLT3LG
1.65615903570732e-117	0.168769507516129	0.998	0.995	5.55442617395521e-113	c1	MT-ATP8
4.55876926445465e-113	0.448850575095169	0.849	0.832	1.5289200359128e-108	c1	BTG2
6.83272525925372e-113	0.130485617074235	0.997	0.992	2.29155939744851e-108	c1	RPL24
8.05475877158122e-113	0.287265077993091	0.499	0.379	2.70140499681291e-108	c1	AQP3
5.77661190710129e-111	0.297974815389168	0.803	0.771	1.93736010140363e-106	c1	DAD1
7.23530435359376e-111	0.0919153180466719	0.999	0.997	2.42657637410828e-106	c1	RPL18A
5.27207706807912e-110	0.103403129211188	0.999	0.997	1.76814920709238e-105	c1	RPS15
1.70780264313036e-109	0.115940637458739	1	0.997	5.72762850453062e-105	c1	RPS4X
2.74912094395791e-108	0.286462379352098	0.942	0.899	9.22000182184605e-104	c1	CRIP1
1.47616599422164e-106	0.384731038102628	0.58	0.493	4.95076551142054e-102	c1	ANXA2
9.616802221096e-103	0.738244670608972	0.339	0.261	3.22528312891118e-98	c1	ADI1
1.87428440821117e-101	0.579606607051441	0.471	0.4	6.28597504825863e-97	c1	PNP
3.69149762988672e-100	0.206520925336864	0.933	0.918	1.23805447511141e-95	c1	COMMD6
8.33825120184521e-100	0.109286870196608	0.999	0.996	2.79648268807485e-95	c1	RPS7
1.0462518713203e-99	0.347558095970056	0.645	0.588	3.50891952603403e-95	c1	DHRS7
1.13324901430147e-99	0.582551454584113	0.689	0.647	3.80069054416428e-95	c1	CITED2
2.39084856901408e-99	0.519558426480211	0.405	0.321	8.01842793075943e-95	c1	TMEM173
5.21975105730054e-97	0.309137953853635	0.878	0.86	1.75060010959745e-92	c1	MCL1
2.41626471703745e-96	0.281874353998036	0.765	0.705	8.10366860800021e-92	c1	PDCD4
1.87581880132052e-94	0.252354853092004	0.834	0.805	6.29112109586876e-90	c1	APRT
3.3860615704634e-94	0.343770953212288	0.672	0.602	1.13561732950202e-89	c1	SCML4
1.15030138278522e-93	0.613894482578483	0.421	0.351	3.85788077758506e-89	c1	DNAJB9
1.3481547038193e-93	0.525644175382754	0.697	0.662	4.52144124566917e-89	c1	TUBA1A
1.84674876730129e-92	0.489901996236468	0.549	0.484	6.19362601577507e-88	c1	GATA3
2.6188023636089e-92	0.423560268668704	0.551	0.49	8.78293936707153e-88	c1	RBMS1
3.29732225976846e-92	0.235163349136839	0.852	0.823	1.10585593948115e-87	c1	C12orf57
1.1686509060322e-91	0.209533429824829	0.937	0.909	3.91942140865078e-87	c1	HSP90AB1
2.45560237410046e-89	0.158615532106149	0.976	0.973	8.23559924225814e-85	c1	DDX5
5.46870545471099e-88	0.242157702263945	0.804	0.755	1.83409443540097e-83	c1	CD44
3.48419167010798e-86	0.170417924010281	0.978	0.97	1.16852820232081e-81	c1	RPL36AL
1.38566498343409e-85	0.187755501104848	0.991	0.985	4.64724322144126e-81	c1	BTG1
1.55452346990504e-81	0.146866683676357	0.958	0.915	5.21356081336754e-77	c1	CD2
2.21491598864594e-80	0.42310003824676	0.5	0.445	7.42838524272075e-76	c1	MGST3
3.35209221902025e-79	0.351025298143911	0.665	0.631	1.12422468841501e-74	c1	SNHG8
9.87992490742973e-79	0.391777389165982	0.891	0.869	3.31352921545378e-74	c1	DNAJB1
9.26725195492422e-77	0.332139525117642	0.543	0.473	3.10805096064248e-72	c1	FKBP11
8.15819823106446e-76	0.307792004275891	0.43	0.361	2.7360965227344e-71	c1	CTSB
3.4814559985835e-74	0.312199921597104	0.604	0.559	1.16761071280494e-69	c1	TMEM123
1.18921529112895e-70	0.258715232594958	0.724	0.689	3.98839024338828e-66	c1	PEBP1
2.30845298898283e-70	0.509100275446356	0.414	0.357	7.74208963445063e-66	c1	RCAN3
4.87802205537471e-69	0.340213895184413	0.551	0.493	1.63599103693157e-64	c1	XBP1
1.25518962846715e-68	0.160818224255264	0.872	0.855	4.20965497595312e-64	c1	SSR4
3.39250994604601e-67	0.35457995292484	0.603	0.566	1.13777998570491e-62	c1	JUND
4.73775052454428e-66	0.184079939864695	0.867	0.861	1.58894677092166e-61	c1	NOP53
1.70419552995823e-64	0.550522162714261	0.334	0.27	5.71553096837392e-60	c1	KCNA3
2.58843748603147e-64	0.455826880842065	0.368	0.299	8.68110164065234e-60	c1	PRNP
5.31308254214651e-64	0.428179662182475	0.386	0.321	1.7819016229851e-59	c1	SYPL1
2.97849275099855e-61	0.300067966348989	0.633	0.596	9.98926898829893e-57	c1	ADGRE5
6.38928224959739e-61	0.17039104120023	0.8	0.738	2.14283748086997e-56	c1	GIMAP4
6.30875202382962e-60	0.510321928764019	0.399	0.354	2.11582925375198e-55	c1	GLO1
3.51892542459323e-59	0.166670565591482	0.925	0.915	1.18017720890008e-54	c1	OST4
1.17320622492026e-58	0.479831370579872	0.382	0.326	3.93469903713757e-54	c1	LAIR1
2.76682324213225e-58	0.11562992091263	0.981	0.968	9.27937178946315e-54	c1	RPL7
3.92273831942269e-57	0.59162567230312	0.356	0.3	1.31560797756798e-52	c1	BCL2A1
1.1195664640538e-55	0.473896222541134	0.579	0.536	3.75480200714365e-51	c1	RGS2
2.4371094065674e-54	0.437906789903852	0.716	0.709	8.17357752774575e-50	c1	IER2
6.4487476442357e-54	0.0900478012842578	1	0.997	2.16278098492377e-49	c1	MT-CO3
6.68634486505539e-52	0.150989029930598	0.907	0.902	2.24246634084228e-47	c1	CNBP
2.05800887347096e-51	0.313938284830293	0.587	0.568	6.90215015984692e-47	c1	TMED10
5.13617262829114e-51	0.546631017513518	0.319	0.27	1.72256957607628e-46	c1	TESPA1
8.58512927050364e-50	0.0922650655576316	0.999	0.998	2.87928065474151e-45	c1	EIF1
4.18866577645281e-48	0.540569390030674	0.319	0.269	1.40479472810674e-43	c1	SVIP
3.51641926159165e-47	0.0477472702378261	0.359	0.279	1.17933669195261e-42	c1	TCF7
1.87445529454699e-46	0.391388251888392	0.434	0.395	6.2865481668517e-42	c1	GLIPR2
9.16494673907948e-46	0.192572617687848	0.546	0.484	3.07373983735248e-41	c1	ICOS
1.67222162063929e-45	0.297422935272649	0.504	0.463	5.60829687130007e-41	c1	MGAT4A
1.75106522167419e-45	0.20479331408139	0.591	0.539	5.8727225404509e-41	c1	RORA
1.91170943759168e-44	0.200596956168965	0.818	0.82	6.41149111179496e-40	c1	SERP1
6.28578699299222e-44	0.443798488885483	0.33	0.276	2.10812724170973e-39	c1	BCL2
3.3434073713177e-43	0.473462353695663	0.342	0.3	1.12131196419253e-38	c1	LIX1L
2.64390210144297e-42	0.284224176442878	0.485	0.448	8.86711886781942e-38	c1	VSIR
7.98954280123345e-42	0.361937935073535	0.459	0.428	2.67953286467767e-37	c1	FKBP2
1.45615962858528e-41	0.263532295164787	0.446	0.394	4.8836681623493e-37	c1	SLAMF1
2.527388172045e-41	0.211848987628245	0.668	0.662	8.47635445140451e-37	c1	BCAP31
5.63948172682639e-41	0.115324285416282	0.939	0.905	1.89136938154303e-36	c1	CD99
1.77774812267849e-40	0.24255253233532	0.539	0.497	5.96221165383911e-36	c1	MCUB
3.39369052297519e-40	0.267652354487351	0.595	0.589	1.13817592759542e-35	c1	CMPK1
5.05237120931751e-40	0.444787440366007	0.363	0.328	1.69446425618091e-35	c1	TRAPPC6A
4.35993732668723e-38	0.247820101307941	0.642	0.624	1.46223578062436e-33	c1	RPL22L1
2.01176733535766e-37	0.0772658669293147	0.993	0.988	6.74706528932252e-33	c1	RPL13A
3.64264855645181e-37	0.318609847504344	0.48	0.451	1.22167147286281e-32	c1	STAT4
1.67357672611677e-35	0.286708261292382	0.356	0.313	5.61284162405041e-31	c1	TUBA1C
8.5631540375629e-35	0.372496791925145	0.401	0.372	2.87191060111785e-30	c1	LYSMD2
1.40744006615153e-34	0.105647805842764	0.438	0.519	4.72027249385901e-30	c1	HSPA1A
8.29480861728051e-34	0.223051355189434	0.66	0.655	2.78191291406354e-29	c1	SEC61G
1.23051229437208e-33	0.065743626087265	0.997	0.993	4.12689213286507e-29	c1	NACA
2.09854889556053e-32	0.160705939820073	0.759	0.755	7.03811328593092e-28	c1	HNRNPA0
1.21185591490973e-31	0.151283737372228	0.817	0.805	4.06432236742425e-27	c1	MT-ND6
3.15934556767447e-31	0.152178991378624	0.73	0.719	1.05958131648666e-26	c1	GPX4
4.8969041352684e-31	0.246416849089002	0.588	0.588	1.64232370888632e-26	c1	TRAM1
6.20120222824188e-31	0.201339870430162	0.636	0.611	2.07975920330776e-26	c1	GLIPR1
2.24134692468205e-30	0.176943970691899	0.78	0.768	7.51702931599865e-26	c1	ZFAS1
3.14233768628062e-30	0.191680499670378	0.605	0.594	1.0538772132248e-25	c1	TNFAIP8
3.46899650172733e-30	0.246202236287287	0.542	0.525	1.16343204674931e-25	c1	CAST
8.64971992235164e-30	0.373759164637663	0.403	0.383	2.90094306755829e-25	c1	AMD1
1.54485546256745e-29	0.235548731533103	0.537	0.522	5.18113625035871e-25	c1	NME3
3.27431782055481e-29	0.220834021074788	0.538	0.513	1.09814071065767e-24	c1	PARP8
4.36201520210367e-29	0.315192864594904	0.315	0.269	1.46293265848153e-24	c1	SELENOM
4.82419276902233e-29	0.403912564204421	0.356	0.333	1.61793777087471e-24	c1	ESD
6.32567966968751e-29	0.222254687230836	0.591	0.59	2.1215064476198e-24	c1	SEC62
4.58941255606196e-28	0.124456615448294	0.83	0.826	1.53919718305206e-23	c1	LEPROTL1
1.86600862960722e-27	0.101689058673773	0.816	0.79	6.25821974197671e-23	c1	GIMAP7
1.96991359597418e-27	0.433369915236023	0.326	0.297	6.60669621817821e-23	c1	MDFIC
1.53968591925219e-26	0.168173479778631	0.824	0.816	5.16379863598798e-22	c1	TAGAP
2.30128105190475e-26	0.283677002629385	0.478	0.47	7.71803639187815e-22	c1	RNH1
5.02909091929729e-26	0.226831714988581	0.687	0.692	1.68665651251392e-21	c1	YPEL5
7.13804354540067e-26	0.128001268816442	0.852	0.851	2.39395704425648e-21	c1	HNRNPDL
1.50010494599632e-25	0.126262516620814	0.827	0.798	5.03105196788245e-21	c1	ABRACL
5.71443325101973e-25	0.373177509316106	0.334	0.301	1.916506623727e-20	c1	PRMT9
3.78293840135809e-24	0.0995424406642065	0.7	0.659	1.26872188104748e-19	c1	CD6
9.41126238872177e-24	0.158726948681927	0.705	0.698	3.15634917992951e-19	c1	MZT2B
5.03863062167117e-23	0.0621933211866228	0.987	0.98	1.68985593789608e-18	c1	RPL4
4.4838324944438e-22	0.273699182425588	0.451	0.441	1.50378774198656e-17	c1	SBDS
7.37012997255287e-22	0.151904974511884	0.559	0.546	2.47179419019478e-17	c1	SYNE2
7.95292687322062e-22	0.263588115332023	0.468	0.463	2.66725261474073e-17	c1	C19orf70
3.41676579715543e-21	0.201360294865914	0.607	0.61	1.14591491304999e-16	c1	IDS
3.84920411494749e-21	0.140854569471898	0.731	0.726	1.29094607607109e-16	c1	POLR2L
3.87629911426328e-21	0.157262814658617	0.758	0.754	1.30003319694162e-16	c1	SEC61B
1.10264495875868e-20	0.205349420835213	0.499	0.484	3.69805066268485e-16	c1	TSPO
2.4601945873669e-20	0.117603518572134	0.8	0.808	8.25100060711109e-16	c1	ATP6V1G1
2.96201484483845e-20	0.119280434726602	0.787	0.801	9.93400538661921e-16	c1	EIF4A2
3.82476925551056e-20	0.295543765414203	0.436	0.426	1.28275111291313e-15	c1	CDK17
3.9893180726813e-20	0.117450898998077	0.763	0.777	1.33793749521585e-15	c1	EIF4B
6.17016128570035e-20	0.0816654387997926	0.528	0.48	2.06934869199818e-15	c1	CXCR3
6.80806668069247e-20	0.097689915490565	0.85	0.833	2.28328940337064e-15	c1	NR4A2
2.2131607113885e-19	0.343554029361302	0.365	0.352	7.42249839385474e-15	c1	TRADD
2.3728307871877e-19	0.196372124193424	0.567	0.575	7.9579998940701e-15	c1	TMED2
1.35064213621726e-18	0.0884248821367384	0.884	0.883	4.52978359644543e-14	c1	SKP1
1.6318957173446e-18	0.217453323072441	0.536	0.535	5.47305185683031e-14	c1	ATP1A1
5.73204597061295e-18	0.29264067645162	0.376	0.362	1.92241357762417e-13	c1	TMEM109
7.00441898143629e-18	0.425130099968719	0.531	0.527	2.3491420379941e-13	c1	GADD45B
1.87589810470288e-17	0.403508932242022	0.326	0.31	6.29138706355252e-13	c1	PPP1R10
2.51661536589401e-17	0.323778433896291	0.393	0.382	8.44022461413533e-13	c1	CEBPB
4.87917357006146e-17	0.15546720059223	0.635	0.655	1.63637723192721e-12	c1	REX1BD
7.35498138950142e-17	0.106067352185542	0.573	0.549	2.46671365841099e-12	c1	STOM
2.66477356366585e-16	0.169758003126602	0.615	0.634	8.93711757782254e-12	c1	TOMM20
2.81871145704603e-16	0.0201349448450134	0.995	0.969	9.45339448464096e-12	c1	IL32
3.519905140392e-16	0.156642321955214	0.559	0.549	1.18050578598467e-11	c1	PPA1
4.00448389310247e-16	0.249006423711088	0.434	0.432	1.34302380806871e-11	c1	MYDGF
7.40260797268558e-16	0.248230667853642	0.465	0.474	2.48268666187929e-11	c1	PPP1R11
1.97616744991569e-15	0.129710788749038	0.523	0.503	6.62767039352725e-11	c1	SYTL3
2.14474737129934e-15	0.210048445242197	0.479	0.484	7.19305373386371e-11	c1	ATP6AP2
2.67920563030452e-15	0.130718580719077	0.726	0.726	8.98551984291530e-11	c1	TMEM258
3.32911546075181e-15	0.187047561650663	0.538	0.547	1.11651874322694e-10	c1	PRMT2
4.95608875672568e-15	0.0690588125981191	0.865	0.849	1.66217304723066e-10	c1	GPSM3
8.26512779048628e-15	0.24049749076862	0.372	0.35	2.77195855837329e-10	c1	BHLHE40
9.15724536992475e-15	0.163030254484671	0.509	0.5	3.07115695216536e-10	c1	HSPB1
1.23571520143674e-14	0.348631060965552	0.326	0.317	4.14434164257855e-10	c1	SND1
2.44698882089436e-14	0.0671295888376742	0.907	0.905	8.20671110751551e-10	c1	PPIB
5.18033001203161e-14	0.184919220214269	0.531	0.538	1.73737907943516e-09	c1	RPN2
5.39224895941871e-14	0.122815327384357	0.731	0.736	1.80845245600985e-09	c1	ATP5MD
5.64876878087095e-14	0.109000758413871	0.556	0.555	1.8944840737285e-09	c1	NDFIP1
9.51742230884943e-14	0.162742260058056	0.539	0.547	3.19195309394192e-09	c1	TSTD1
1.63009748892443e-13	0.0949470451537597	0.844	0.845	5.46702095835477e-09	c1	SSR2
2.09093789913794e-13	0.17853391015597	0.688	0.709	7.01258752612884e-09	c1	SELENOK
3.12646919584092e-13	0.154742733324715	0.517	0.52	1.04855523890113e-08	c1	SLC3A2
6.79025156821106e-13	0.212982756025573	0.466	0.472	2.27731457094662e-08	c1	DDX18
9.29773634474492e-13	0.0669503053650861	0.497	0.482	3.11827481530055e-08	c1	CORO1B
1.55711077752359e-12	0.0289238739237483	0.693	0.687	5.22223812565863e-08	c1	HSPA5
3.21497997424745e-12	0.0521262469319759	0.787	0.782	1.07823998376311e-07	c1	ENO1
3.49271834756411e-12	0.0605902514178842	0.848	0.852	1.17138787940605e-07	c1	ARL6IP5
9.33668666590482e-12	0.148205032173009	0.63	0.64	3.13133797401116e-07	c1	P4HB
9.40365589075051e-12	0.0599757157562277	0.968	0.963	3.15379811263991e-07	c1	TMA7
4.5667004757864e-11	0.305557426521048	0.34	0.337	1.53158000556924e-06	c1	STT3B
5.01606871738776e-11	0.114610592797974	0.3	0.288	1.68228912643751e-06	c1	NPC2
2.10404844628555e-10	0.248061945521533	0.372	0.369	7.05655767915246e-06	c1	FLOT1
5.70618734514548e-10	0.205253647856726	0.728	0.748	1.91374111181489e-05	c1	DNAJA1
6.66435225043835e-10	0.131076822412911	0.623	0.645	2.23509045775201e-05	c1	SMDT1
7.29774850661225e-10	0.161629091061859	0.51	0.521	2.44751889414761e-05	c1	TAF7
1.43403999197919e-09	0.1877868813711	0.493	0.512	4.8094833250998e-05	c1	HAX1
1.80740138906344e-09	0.255691186612598	0.382	0.388	6.06166277864096e-05	c1	UFM1
2.91523780515643e-09	0.0843023999152201	0.76	0.775	9.77712455093364e-05	c1	ANAPC16
2.99336396685264e-09	0.0866295760042228	0.77	0.792	0.000100391440720304	c1	KRTCAP2
3.17153141850267e-09	0.0270882248940372	0.458	0.524	0.000106366820713743	c1	STAT1
3.20864277666569e-09	0.21959080121465	0.427	0.434	0.000107611461443814	c1	ST3GAL1
3.49283434809095e-09	0.170456349847647	0.487	0.498	0.000117142678366274	c1	FBL
3.74868760987166e-09	0.119430859899911	0.416	0.404	0.000125723485059876	c1	CCND2
5.32437138922229e-09	0.0481383160419315	0.969	0.971	0.000178568767651737	c1	PNRC1
1.35441147873179e-08	0.0536675027404976	0.952	0.95	0.000454242521737069	c1	COX7C
1.46399812559495e-08	0.0856011695411392	0.721	0.741	0.000490995691362036	c1	MORF4L1
1.73130977568305e-08	0.171774584008737	0.512	0.532	0.00058064667256858	c1	OSTC
3.41831628136192e-08	0.167611252397367	0.455	0.464	0.00114643491444316	c1	RGS14
3.49347265838678e-08	0.22427270647649	0.352	0.349	0.00117164086016976	c1	STN1
6.0095490765739e-08	0.0129487236221104	0.901	0.869	0.00201548256930135	c1	LDHB
6.29398592392593e-08	0.325643337973946	0.302	0.288	0.00211087699916628	c1	RBKS
1.71271262148559e-07	0.0394209377999383	0.534	0.525	0.00574409558993839	c1	CD5
2.08317938700952e-07	0.0682877447408434	0.853	0.86	0.00698656702815252	c1	UQCR11
3.15837169447344e-07	0.199557680757264	0.373	0.378	0.010592546988925	c1	CD46
3.79767715594855e-07	0.0230583387046854	0.688	0.689	0.0127366496456202	c1	HSP90B1
4.25284972028515e-07	0.00655632039486043	0.258	0.304	0.0142632073918923	c1	TMEM134
6.56844874600556e-07	0.168320177686114	0.464	0.48	0.0220292634043535	c1	SSB
1.32303833479891e-06	0.0261152340487297	0.269	0.318	0.044372059672486	c1	CHCHD7
1.39224348634375e-06	0.0339097924724241	0.264	0.312	0.0466930620449967	c1	CNIH4
